936 888 1000 991
445 819 550 931
218 292 347 387
834 696 958 831
218 22 415 256
0 84 218 341
75 785 338 1000
694 0 1000 416
0 387 353 785
353 256 694 819
936 888 1000 991
445 819 550 931
218 292 347 387
834 696 958 831
218 22 415 256
0 84 218 341
75 785 338 1000
694 0 1000 416
0 387 353 785
353 256 694 819
936 888 1000 991
445 819 550 931
218 292 347 387
834 696 958 831
218 22 415 256
0 84 218 341
75 785 338 1000
694 0 1000 416
0 387 353 785
353 256 694 819
936 888 1000 991
445 819 550 931
218 292 347 387
834 696 958 831
218 22 415 256
0 84 218 341
75 785 338 1000
694 0 1000 416
0 387 353 785
353 256 694 819
936 888 1000 991
445 819 550 931
218 292 347 387
834 696 958 831
218 22 415 256
0 84 218 341
75 785 338 1000
694 0 1000 416
0 387 353 785
353 256 694 819
