0 0 2 1000
2 0 5 1000
5 0 9 1000
9 0 13 1000
13 0 17 1000
17 0 22 1000
22 0 27 1000
27 0 32 1000
32 0 37 1000
37 0 47 1000
47 0 59 1000
59 0 71 1000
71 0 83 1000
83 0 96 1000
96 0 111 1000
111 0 129 1000
129 0 147 1000
147 0 167 1000
167 0 192 1000
192 0 218 1000
218 0 245 1000
245 0 272 1000
272 0 300 1000
300 0 332 1000
332 0 368 1000
368 0 407 1000
407 0 447 1000
447 0 487 1000
487 0 528 1000
528 0 571 1000
571 0 616 1000
616 0 671 1000
671 0 727 1000
727 0 785 1000
785 0 872 1000
872 0 1000 1000
0 0 2 1000
2 0 4 1000
4 0 8 1000
8 0 13 1000
13 0 19 1000
19 0 27 1000
27 0 35 1000
35 0 45 1000
45 0 56 1000
56 0 68 1000
68 0 82 1000
82 0 96 1000
96 0 113 1000
113 0 132 1000
132 0 151 1000
151 0 171 1000
171 0 192 1000
192 0 213 1000
213 0 234 1000
234 0 256 1000
256 0 279 1000
279 0 302 1000
302 0 327 1000
327 0 352 1000
352 0 378 1000
378 0 405 1000
405 0 435 1000
435 0 467 1000
467 0 515 1000
515 0 564 1000
564 0 615 1000
615 0 679 1000
679 0 750 1000
750 0 828 1000
828 0 911 1000
911 0 1000 1000
0 0 2 1000
2 0 4 1000
4 0 7 1000
7 0 12 1000
12 0 18 1000
18 0 25 1000
25 0 32 1000
32 0 40 1000
40 0 48 1000
48 0 57 1000
57 0 66 1000
66 0 80 1000
80 0 94 1000
94 0 111 1000
111 0 128 1000
128 0 145 1000
145 0 163 1000
163 0 182 1000
182 0 202 1000
202 0 225 1000
225 0 249 1000
249 0 275 1000
275 0 302 1000
302 0 330 1000
330 0 360 1000
360 0 392 1000
392 0 425 1000
425 0 462 1000
462 0 499 1000
499 0 539 1000
539 0 585 1000
585 0 645 1000
645 0 713 1000
713 0 791 1000
791 0 886 1000
886 0 1000 1000
0 0 2 1000
2 0 4 1000
4 0 7 1000
7 0 10 1000
10 0 13 1000
13 0 17 1000
17 0 23 1000
23 0 29 1000
29 0 37 1000
37 0 47 1000
47 0 58 1000
58 0 70 1000
70 0 84 1000
84 0 98 1000
98 0 114 1000
114 0 130 1000
130 0 148 1000
148 0 167 1000
167 0 188 1000
188 0 209 1000
209 0 236 1000
236 0 264 1000
264 0 293 1000
293 0 322 1000
322 0 352 1000
352 0 386 1000
386 0 422 1000
422 0 468 1000
468 0 517 1000
517 0 571 1000
571 0 631 1000
631 0 691 1000
691 0 755 1000
755 0 819 1000
819 0 892 1000
892 0 1000 1000
0 0 1 1000
1 0 4 1000
4 0 7 1000
7 0 10 1000
10 0 14 1000
14 0 18 1000
18 0 23 1000
23 0 30 1000
30 0 37 1000
37 0 44 1000
44 0 52 1000
52 0 60 1000
60 0 69 1000
69 0 76 1000
76 0 87 1000
87 0 100 1000
100 0 114 1000
114 0 130 1000
130 0 147 1000
147 0 166 1000
166 0 189 1000
189 0 212 1000
212 0 240 1000
240 0 268 1000
268 0 299 1000
299 0 331 1000
331 0 365 1000
365 0 401 1000
401 0 440 1000
440 0 493 1000
493 0 547 1000
547 0 607 1000
607 0 681 1000
681 0 782 1000
782 0 888 1000
888 0 1000 1000
0 0 1 1000
1 0 3 1000
3 0 5 1000
5 0 8 1000
8 0 10 1000
10 0 14 1000
14 0 19 1000
19 0 24 1000
24 0 28 1000
28 0 35 1000
35 0 42 1000
42 0 51 1000
51 0 60 1000
60 0 70 1000
70 0 81 1000
81 0 94 1000
94 0 110 1000
110 0 126 1000
126 0 143 1000
143 0 161 1000
161 0 180 1000
180 0 200 1000
200 0 222 1000
222 0 244 1000
244 0 273 1000
273 0 305 1000
305 0 335 1000
335 0 373 1000
373 0 412 1000
412 0 455 1000
455 0 499 1000
499 0 545 1000
545 0 617 1000
617 0 693 1000
693 0 812 1000
812 0 1000 1000
0 0 1 1000
1 0 2 1000
2 0 5 1000
5 0 8 1000
8 0 11 1000
11 0 17 1000
17 0 23 1000
23 0 30 1000
30 0 38 1000
38 0 48 1000
48 0 61 1000
61 0 74 1000
74 0 88 1000
88 0 102 1000
102 0 119 1000
119 0 137 1000
137 0 156 1000
156 0 175 1000
175 0 196 1000
196 0 217 1000
217 0 240 1000
240 0 264 1000
264 0 290 1000
290 0 317 1000
317 0 347 1000
347 0 376 1000
376 0 406 1000
406 0 437 1000
437 0 473 1000
473 0 517 1000
517 0 585 1000
585 0 656 1000
656 0 733 1000
733 0 810 1000
810 0 898 1000
898 0 1000 1000
0 0 1 1000
1 0 2 1000
2 0 4 1000
4 0 6 1000
6 0 8 1000
8 0 11 1000
11 0 13 1000
13 0 15 1000
15 0 18 1000
18 0 22 1000
22 0 28 1000
28 0 40 1000
40 0 52 1000
52 0 65 1000
65 0 78 1000
78 0 94 1000
94 0 114 1000
114 0 136 1000
136 0 159 1000
159 0 185 1000
185 0 211 1000
211 0 238 1000
238 0 269 1000
269 0 305 1000
305 0 341 1000
341 0 384 1000
384 0 430 1000
430 0 476 1000
476 0 525 1000
525 0 578 1000
578 0 629 1000
629 0 689 1000
689 0 750 1000
750 0 813 1000
813 0 894 1000
894 0 1000 1000
0 0 1 1000
1 0 2 1000
2 0 4 1000
4 0 5 1000
5 0 9 1000
9 0 13 1000
13 0 18 1000
18 0 24 1000
24 0 30 1000
30 0 36 1000
36 0 45 1000
45 0 55 1000
55 0 66 1000
66 0 79 1000
79 0 92 1000
92 0 106 1000
106 0 122 1000
122 0 142 1000
142 0 164 1000
164 0 186 1000
186 0 213 1000
213 0 241 1000
241 0 272 1000
272 0 303 1000
303 0 336 1000
336 0 370 1000
370 0 406 1000
406 0 442 1000
442 0 480 1000
480 0 520 1000
520 0 563 1000
563 0 607 1000
607 0 662 1000
662 0 763 1000
763 0 874 1000
874 0 1000 1000
0 0 3 1000
3 0 6 1000
6 0 10 1000
10 0 16 1000
16 0 22 1000
22 0 29 1000
29 0 37 1000
37 0 46 1000
46 0 59 1000
59 0 72 1000
72 0 86 1000
86 0 100 1000
100 0 115 1000
115 0 131 1000
131 0 148 1000
148 0 166 1000
166 0 184 1000
184 0 203 1000
203 0 222 1000
222 0 242 1000
242 0 263 1000
263 0 284 1000
284 0 307 1000
307 0 331 1000
331 0 356 1000
356 0 383 1000
383 0 415 1000
415 0 451 1000
451 0 490 1000
490 0 533 1000
533 0 581 1000
581 0 632 1000
632 0 702 1000
702 0 788 1000
788 0 881 1000
881 0 1000 1000
0 0 3 1000
3 0 6 1000
6 0 10 1000
10 0 11 1000
11 0 13 1000
13 0 15 1000
15 0 18 1000
18 0 23 1000
23 0 29 1000
29 0 36 1000
36 0 43 1000
43 0 50 1000
50 0 59 1000
59 0 71 1000
71 0 84 1000
84 0 97 1000
97 0 114 1000
114 0 137 1000
137 0 162 1000
162 0 188 1000
188 0 214 1000
214 0 241 1000
241 0 271 1000
271 0 304 1000
304 0 341 1000
341 0 388 1000
388 0 438 1000
438 0 488 1000
488 0 539 1000
539 0 591 1000
591 0 644 1000
644 0 698 1000
698 0 754 1000
754 0 811 1000
811 0 890 1000
890 0 1000 1000
0 0 3 1000
3 0 4 1000
4 0 7 1000
7 0 11 1000
11 0 15 1000
15 0 19 1000
19 0 25 1000
25 0 31 1000
31 0 38 1000
38 0 48 1000
48 0 59 1000
59 0 70 1000
70 0 81 1000
81 0 95 1000
95 0 110 1000
110 0 125 1000
125 0 141 1000
141 0 158 1000
158 0 176 1000
176 0 199 1000
199 0 223 1000
223 0 249 1000
249 0 277 1000
277 0 306 1000
306 0 337 1000
337 0 369 1000
369 0 406 1000
406 0 444 1000
444 0 483 1000
483 0 526 1000
526 0 575 1000
575 0 628 1000
628 0 681 1000
681 0 767 1000
767 0 871 1000
871 0 1000 1000
0 0 2 1000
2 0 4 1000
4 0 5 1000
5 0 12 1000
12 0 19 1000
19 0 26 1000
26 0 34 1000
34 0 43 1000
43 0 53 1000
53 0 64 1000
64 0 75 1000
75 0 89 1000
89 0 104 1000
104 0 123 1000
123 0 143 1000
143 0 164 1000
164 0 185 1000
185 0 208 1000
208 0 231 1000
231 0 259 1000
259 0 291 1000
291 0 323 1000
323 0 357 1000
357 0 393 1000
393 0 431 1000
431 0 471 1000
471 0 512 1000
512 0 552 1000
552 0 593 1000
593 0 637 1000
637 0 683 1000
683 0 732 1000
732 0 784 1000
784 0 837 1000
837 0 899 1000
899 0 1000 1000
0 0 2 1000
2 0 4 1000
4 0 7 1000
7 0 12 1000
12 0 17 1000
17 0 22 1000
22 0 29 1000
29 0 36 1000
36 0 44 1000
44 0 53 1000
53 0 63 1000
63 0 74 1000
74 0 85 1000
85 0 97 1000
97 0 109 1000
109 0 121 1000
121 0 134 1000
134 0 148 1000
148 0 163 1000
163 0 183 1000
183 0 210 1000
210 0 238 1000
238 0 268 1000
268 0 302 1000
302 0 339 1000
339 0 375 1000
375 0 412 1000
412 0 454 1000
454 0 497 1000
497 0 540 1000
540 0 594 1000
594 0 652 1000
652 0 712 1000
712 0 800 1000
800 0 896 1000
896 0 1000 1000
0 0 2 1000
2 0 4 1000
4 0 7 1000
7 0 12 1000
12 0 17 1000
17 0 21 1000
21 0 26 1000
26 0 31 1000
31 0 37 1000
37 0 44 1000
44 0 52 1000
52 0 62 1000
62 0 72 1000
72 0 85 1000
85 0 98 1000
98 0 113 1000
113 0 130 1000
130 0 149 1000
149 0 168 1000
168 0 190 1000
190 0 213 1000
213 0 236 1000
236 0 263 1000
263 0 291 1000
291 0 319 1000
319 0 348 1000
348 0 389 1000
389 0 433 1000
433 0 481 1000
481 0 532 1000
532 0 584 1000
584 0 640 1000
640 0 715 1000
715 0 802 1000
802 0 894 1000
894 0 1000 1000
0 0 2 1000
2 0 4 1000
4 0 5 1000
5 0 9 1000
9 0 13 1000
13 0 19 1000
19 0 26 1000
26 0 35 1000
35 0 45 1000
45 0 57 1000
57 0 69 1000
69 0 84 1000
84 0 100 1000
100 0 119 1000
119 0 139 1000
139 0 160 1000
160 0 183 1000
183 0 206 1000
206 0 229 1000
229 0 254 1000
254 0 280 1000
280 0 306 1000
306 0 335 1000
335 0 364 1000
364 0 393 1000
393 0 426 1000
426 0 464 1000
464 0 509 1000
509 0 555 1000
555 0 604 1000
604 0 657 1000
657 0 710 1000
710 0 769 1000
769 0 834 1000
834 0 904 1000
904 0 1000 1000
0 0 2 1000
2 0 3 1000
3 0 5 1000
5 0 7 1000
7 0 10 1000
10 0 13 1000
13 0 16 1000
16 0 20 1000
20 0 24 1000
24 0 31 1000
31 0 40 1000
40 0 49 1000
49 0 58 1000
58 0 67 1000
67 0 78 1000
78 0 91 1000
91 0 106 1000
106 0 121 1000
121 0 137 1000
137 0 156 1000
156 0 173 1000
173 0 198 1000
198 0 226 1000
226 0 259 1000
259 0 300 1000
300 0 341 1000
341 0 384 1000
384 0 430 1000
430 0 480 1000
480 0 530 1000
530 0 594 1000
594 0 659 1000
659 0 725 1000
725 0 793 1000
793 0 881 1000
881 0 1000 1000
0 0 1 1000
1 0 4 1000
4 0 11 1000
11 0 18 1000
18 0 26 1000
26 0 35 1000
35 0 44 1000
44 0 54 1000
54 0 63 1000
63 0 73 1000
73 0 84 1000
84 0 95 1000
95 0 107 1000
107 0 120 1000
120 0 135 1000
135 0 150 1000
150 0 164 1000
164 0 183 1000
183 0 202 1000
202 0 221 1000
221 0 248 1000
248 0 280 1000
280 0 311 1000
311 0 344 1000
344 0 383 1000
383 0 422 1000
422 0 461 1000
461 0 502 1000
502 0 544 1000
544 0 587 1000
587 0 635 1000
635 0 688 1000
688 0 751 1000
751 0 819 1000
819 0 900 1000
900 0 1000 1000
0 0 3 1000
3 0 7 1000
7 0 11 1000
11 0 15 1000
15 0 21 1000
21 0 28 1000
28 0 36 1000
36 0 46 1000
46 0 59 1000
59 0 72 1000
72 0 85 1000
85 0 101 1000
101 0 117 1000
117 0 134 1000
134 0 153 1000
153 0 173 1000
173 0 193 1000
193 0 214 1000
214 0 235 1000
235 0 258 1000
258 0 282 1000
282 0 309 1000
309 0 338 1000
338 0 367 1000
367 0 398 1000
398 0 432 1000
432 0 468 1000
468 0 505 1000
505 0 545 1000
545 0 591 1000
591 0 643 1000
643 0 698 1000
698 0 756 1000
756 0 823 1000
823 0 895 1000
895 0 1000 1000
0 0 3 1000
3 0 6 1000
6 0 9 1000
9 0 13 1000
13 0 17 1000
17 0 21 1000
21 0 25 1000
25 0 29 1000
29 0 34 1000
34 0 39 1000
39 0 45 1000
45 0 53 1000
53 0 62 1000
62 0 72 1000
72 0 87 1000
87 0 103 1000
103 0 121 1000
121 0 142 1000
142 0 164 1000
164 0 187 1000
187 0 214 1000
214 0 245 1000
245 0 278 1000
278 0 314 1000
314 0 353 1000
353 0 392 1000
392 0 433 1000
433 0 481 1000
481 0 530 1000
530 0 580 1000
580 0 636 1000
636 0 693 1000
693 0 755 1000
755 0 822 1000
822 0 908 1000
908 0 1000 1000
0 0 1 1000
1 0 3 1000
3 0 7 1000
7 0 11 1000
11 0 16 1000
16 0 22 1000
22 0 27 1000
27 0 33 1000
33 0 40 1000
40 0 47 1000
47 0 56 1000
56 0 66 1000
66 0 79 1000
79 0 92 1000
92 0 107 1000
107 0 122 1000
122 0 138 1000
138 0 155 1000
155 0 172 1000
172 0 192 1000
192 0 212 1000
212 0 236 1000
236 0 263 1000
263 0 290 1000
290 0 321 1000
321 0 355 1000
355 0 393 1000
393 0 434 1000
434 0 483 1000
483 0 533 1000
533 0 584 1000
584 0 648 1000
648 0 712 1000
712 0 795 1000
795 0 890 1000
890 0 1000 1000
0 0 1 1000
1 0 4 1000
4 0 8 1000
8 0 12 1000
12 0 18 1000
18 0 24 1000
24 0 31 1000
31 0 39 1000
39 0 48 1000
48 0 57 1000
57 0 67 1000
67 0 78 1000
78 0 90 1000
90 0 103 1000
103 0 116 1000
116 0 131 1000
131 0 148 1000
148 0 166 1000
166 0 187 1000
187 0 212 1000
212 0 241 1000
241 0 271 1000
271 0 303 1000
303 0 337 1000
337 0 375 1000
375 0 414 1000
414 0 454 1000
454 0 496 1000
496 0 542 1000
542 0 592 1000
592 0 646 1000
646 0 703 1000
703 0 762 1000
762 0 834 1000
834 0 910 1000
910 0 1000 1000
0 0 1 1000
1 0 3 1000
3 0 5 1000
5 0 8 1000
8 0 11 1000
11 0 15 1000
15 0 19 1000
19 0 25 1000
25 0 32 1000
32 0 39 1000
39 0 49 1000
49 0 60 1000
60 0 71 1000
71 0 83 1000
83 0 96 1000
96 0 109 1000
109 0 126 1000
126 0 145 1000
145 0 170 1000
170 0 197 1000
197 0 225 1000
225 0 255 1000
255 0 287 1000
287 0 321 1000
321 0 358 1000
358 0 396 1000
396 0 434 1000
434 0 475 1000
475 0 526 1000
526 0 578 1000
578 0 630 1000
630 0 689 1000
689 0 749 1000
749 0 821 1000
821 0 905 1000
905 0 1000 1000
0 0 1 1000
1 0 4 1000
4 0 7 1000
7 0 11 1000
11 0 15 1000
15 0 20 1000
20 0 26 1000
26 0 33 1000
33 0 40 1000
40 0 48 1000
48 0 56 1000
56 0 65 1000
65 0 77 1000
77 0 88 1000
88 0 104 1000
104 0 122 1000
122 0 141 1000
141 0 160 1000
160 0 178 1000
178 0 199 1000
199 0 220 1000
220 0 242 1000
242 0 266 1000
266 0 294 1000
294 0 322 1000
322 0 352 1000
352 0 386 1000
386 0 424 1000
424 0 469 1000
469 0 516 1000
516 0 569 1000
569 0 624 1000
624 0 696 1000
696 0 771 1000
771 0 855 1000
855 0 1000 1000
0 0 1 1000
1 0 2 1000
2 0 4 1000
4 0 8 1000
8 0 12 1000
12 0 18 1000
18 0 22 1000
22 0 29 1000
29 0 36 1000
36 0 45 1000
45 0 55 1000
55 0 65 1000
65 0 77 1000
77 0 88 1000
88 0 101 1000
101 0 115 1000
115 0 130 1000
130 0 148 1000
148 0 168 1000
168 0 189 1000
189 0 211 1000
211 0 236 1000
236 0 264 1000
264 0 296 1000
296 0 330 1000
330 0 366 1000
366 0 403 1000
403 0 441 1000
441 0 483 1000
483 0 528 1000
528 0 577 1000
577 0 638 1000
638 0 700 1000
700 0 791 1000
791 0 885 1000
885 0 1000 1000
