0 0 6 1000
6 0 13 1000
13 0 23 1000
23 0 35 1000
35 0 56 1000
56 0 88 1000
88 0 121 1000
121 0 166 1000
166 0 216 1000
216 0 271 1000
271 0 327 1000
327 0 383 1000
383 0 472 1000
472 0 636 1000
636 0 941 1000
0 0 6 1000
6 0 13 1000
13 0 25 1000
25 0 38 1000
38 0 58 1000
58 0 102 1000
102 0 152 1000
152 0 206 1000
206 0 266 1000
266 0 333 1000
333 0 408 1000
408 0 517 1000
517 0 638 1000
638 0 795 1000
795 0 955 1000
0 0 8 1000
8 0 16 1000
16 0 25 1000
25 0 46 1000
46 0 77 1000
77 0 109 1000
109 0 156 1000
156 0 213 1000
213 0 275 1000
275 0 340 1000
340 0 428 1000
428 0 521 1000
521 0 643 1000
643 0 793 1000
793 0 956 1000
0 0 8 1000
8 0 14 1000
14 0 23 1000
23 0 49 1000
49 0 77 1000
77 0 109 1000
109 0 151 1000
151 0 181 1000
181 0 215 1000
215 0 276 1000
276 0 339 1000
339 0 403 1000
403 0 545 1000
545 0 704 1000
704 0 1000 1000
0 0 18 1000
18 0 44 1000
44 0 76 1000
76 0 115 1000
115 0 154 1000
154 0 195 1000
195 0 256 1000
256 0 325 1000
325 0 395 1000
395 0 466 1000
466 0 550 1000
550 0 640 1000
640 0 735 1000
735 0 837 1000
837 0 1000 1000
0 0 18 1000
18 0 23 1000
23 0 27 1000
27 0 34 1000
34 0 41 1000
41 0 60 1000
60 0 102 1000
102 0 145 1000
145 0 188 1000
188 0 259 1000
259 0 360 1000
360 0 469 1000
469 0 610 1000
610 0 763 1000
763 0 1000 1000
0 0 2 1000
2 0 17 1000
17 0 32 1000
32 0 54 1000
54 0 77 1000
77 0 110 1000
110 0 143 1000
143 0 184 1000
184 0 229 1000
229 0 290 1000
290 0 369 1000
369 0 477 1000
477 0 610 1000
610 0 746 1000
746 0 1000 1000
0 0 4 1000
4 0 17 1000
17 0 32 1000
32 0 46 1000
46 0 69 1000
69 0 94 1000
94 0 126 1000
126 0 164 1000
164 0 214 1000
214 0 293 1000
293 0 374 1000
374 0 470 1000
470 0 620 1000
620 0 785 1000
785 0 1000 1000
0 0 3 1000
3 0 9 1000
9 0 18 1000
18 0 32 1000
32 0 53 1000
53 0 88 1000
88 0 134 1000
134 0 183 1000
183 0 234 1000
234 0 293 1000
293 0 374 1000
374 0 470 1000
470 0 579 1000
579 0 722 1000
722 0 1000 1000
0 0 5 1000
5 0 16 1000
16 0 30 1000
30 0 46 1000
46 0 76 1000
76 0 114 1000
114 0 158 1000
158 0 210 1000
210 0 279 1000
279 0 364 1000
364 0 451 1000
451 0 542 1000
542 0 651 1000
651 0 804 1000
804 0 1000 1000
0 0 6 1000
6 0 27 1000
27 0 50 1000
50 0 79 1000
79 0 117 1000
117 0 156 1000
156 0 198 1000
198 0 249 1000
249 0 311 1000
311 0 375 1000
375 0 455 1000
455 0 567 1000
567 0 683 1000
683 0 804 1000
804 0 1000 1000
0 0 6 1000
6 0 27 1000
27 0 47 1000
47 0 65 1000
65 0 87 1000
87 0 110 1000
110 0 139 1000
139 0 195 1000
195 0 265 1000
265 0 339 1000
339 0 432 1000
432 0 555 1000
555 0 700 1000
700 0 848 1000
848 0 1000 1000
0 0 7 1000
7 0 27 1000
27 0 47 1000
47 0 61 1000
61 0 81 1000
81 0 107 1000
107 0 152 1000
152 0 203 1000
203 0 255 1000
255 0 312 1000
312 0 384 1000
384 0 466 1000
466 0 558 1000
558 0 667 1000
667 0 1000 1000
0 0 8 1000
8 0 27 1000
27 0 44 1000
44 0 60 1000
60 0 78 1000
78 0 101 1000
101 0 124 1000
124 0 156 1000
156 0 198 1000
198 0 289 1000
289 0 394 1000
394 0 501 1000
501 0 618 1000
618 0 753 1000
753 0 1000 1000
0 0 5 1000
5 0 11 1000
11 0 37 1000
37 0 64 1000
64 0 94 1000
94 0 128 1000
128 0 166 1000
166 0 205 1000
205 0 249 1000
249 0 296 1000
296 0 394 1000
394 0 501 1000
501 0 617 1000
617 0 761 1000
761 0 1000 1000
0 0 2 1000
2 0 29 1000
29 0 58 1000
58 0 87 1000
87 0 117 1000
117 0 148 1000
148 0 183 1000
183 0 226 1000
226 0 272 1000
272 0 324 1000
324 0 394 1000
394 0 501 1000
501 0 617 1000
617 0 761 1000
761 0 1000 1000
0 0 5 1000
5 0 29 1000
29 0 51 1000
51 0 68 1000
68 0 92 1000
92 0 118 1000
118 0 147 1000
147 0 180 1000
180 0 260 1000
260 0 352 1000
352 0 449 1000
449 0 551 1000
551 0 675 1000
675 0 803 1000
803 0 1000 1000
0 0 11 1000
11 0 26 1000
26 0 47 1000
47 0 87 1000
87 0 139 1000
139 0 199 1000
199 0 260 1000
260 0 327 1000
327 0 394 1000
394 0 464 1000
464 0 549 1000
549 0 634 1000
634 0 720 1000
720 0 847 1000
847 0 1000 1000
0 0 8 1000
8 0 28 1000
28 0 55 1000
55 0 87 1000
87 0 139 1000
139 0 175 1000
175 0 211 1000
211 0 249 1000
249 0 293 1000
293 0 338 1000
338 0 402 1000
402 0 483 1000
483 0 581 1000
581 0 752 1000
752 0 1000 1000
0 0 8 1000
8 0 28 1000
28 0 55 1000
55 0 80 1000
80 0 103 1000
103 0 135 1000
135 0 167 1000
167 0 204 1000
204 0 245 1000
245 0 288 1000
288 0 356 1000
356 0 464 1000
464 0 586 1000
586 0 720 1000
720 0 1000 1000
0 0 9 1000
9 0 27 1000
27 0 47 1000
47 0 71 1000
71 0 95 1000
95 0 121 1000
121 0 151 1000
151 0 183 1000
183 0 219 1000
219 0 283 1000
283 0 358 1000
358 0 482 1000
482 0 621 1000
621 0 794 1000
794 0 1000 1000
0 0 9 1000
9 0 27 1000
27 0 47 1000
47 0 63 1000
63 0 73 1000
73 0 85 1000
85 0 110 1000
110 0 135 1000
135 0 190 1000
190 0 252 1000
252 0 333 1000
333 0 448 1000
448 0 578 1000
578 0 716 1000
716 0 1000 1000
0 0 9 1000
9 0 20 1000
20 0 34 1000
34 0 60 1000
60 0 93 1000
93 0 133 1000
133 0 175 1000
175 0 221 1000
221 0 269 1000
269 0 326 1000
326 0 386 1000
386 0 448 1000
448 0 548 1000
548 0 746 1000
746 0 1000 1000
0 0 9 1000
9 0 21 1000
21 0 36 1000
36 0 53 1000
53 0 84 1000
84 0 117 1000
117 0 152 1000
152 0 190 1000
190 0 239 1000
239 0 299 1000
299 0 394 1000
394 0 506 1000
506 0 621 1000
621 0 753 1000
753 0 1000 1000
0 0 9 1000
9 0 21 1000
21 0 41 1000
41 0 68 1000
68 0 103 1000
103 0 139 1000
139 0 180 1000
180 0 231 1000
231 0 294 1000
294 0 359 1000
359 0 432 1000
432 0 508 1000
508 0 633 1000
633 0 777 1000
777 0 1000 1000
