0 0 1 1000
1 0 3 1000
3 0 6 1000
6 0 9 1000
9 0 13 1000
13 0 18 1000
18 0 24 1000
24 0 30 1000
30 0 36 1000
36 0 43 1000
43 0 50 1000
50 0 59 1000
59 0 68 1000
68 0 78 1000
78 0 89 1000
89 0 100 1000
100 0 111 1000
111 0 123 1000
123 0 138 1000
138 0 153 1000
153 0 169 1000
169 0 185 1000
185 0 201 1000
201 0 218 1000
218 0 236 1000
236 0 254 1000
254 0 273 1000
273 0 294 1000
294 0 326 1000
326 0 359 1000
359 0 394 1000
394 0 430 1000
430 0 468 1000
468 0 507 1000
507 0 549 1000
549 0 594 1000
594 0 640 1000
640 0 691 1000
691 0 743 1000
743 0 797 1000
797 0 852 1000
852 0 965 1000
0 0 1 1000
1 0 3 1000
3 0 6 1000
6 0 10 1000
10 0 14 1000
14 0 19 1000
19 0 25 1000
25 0 32 1000
32 0 40 1000
40 0 48 1000
48 0 57 1000
57 0 67 1000
67 0 77 1000
77 0 89 1000
89 0 104 1000
104 0 119 1000
119 0 135 1000
135 0 151 1000
151 0 167 1000
167 0 186 1000
186 0 206 1000
206 0 229 1000
229 0 252 1000
252 0 275 1000
275 0 302 1000
302 0 330 1000
330 0 358 1000
358 0 388 1000
388 0 419 1000
419 0 450 1000
450 0 481 1000
481 0 512 1000
512 0 544 1000
544 0 577 1000
577 0 613 1000
613 0 649 1000
649 0 687 1000
687 0 731 1000
731 0 776 1000
776 0 825 1000
825 0 880 1000
880 0 972 1000
0 0 1 1000
1 0 3 1000
3 0 6 1000
6 0 10 1000
10 0 14 1000
14 0 19 1000
19 0 25 1000
25 0 32 1000
32 0 39 1000
39 0 46 1000
46 0 56 1000
56 0 67 1000
67 0 78 1000
78 0 89 1000
89 0 104 1000
104 0 119 1000
119 0 135 1000
135 0 151 1000
151 0 167 1000
167 0 186 1000
186 0 206 1000
206 0 225 1000
225 0 245 1000
245 0 266 1000
266 0 288 1000
288 0 311 1000
311 0 334 1000
334 0 358 1000
358 0 383 1000
383 0 411 1000
411 0 443 1000
443 0 475 1000
475 0 509 1000
509 0 545 1000
545 0 585 1000
585 0 627 1000
627 0 670 1000
670 0 716 1000
716 0 777 1000
777 0 845 1000
845 0 920 1000
920 0 1000 1000
0 0 2 1000
2 0 4 1000
4 0 8 1000
8 0 14 1000
14 0 20 1000
20 0 26 1000
26 0 32 1000
32 0 38 1000
38 0 45 1000
45 0 53 1000
53 0 61 1000
61 0 70 1000
70 0 80 1000
80 0 90 1000
90 0 104 1000
104 0 119 1000
119 0 135 1000
135 0 151 1000
151 0 167 1000
167 0 186 1000
186 0 206 1000
206 0 225 1000
225 0 245 1000
245 0 266 1000
266 0 288 1000
288 0 311 1000
311 0 334 1000
334 0 358 1000
358 0 383 1000
383 0 411 1000
411 0 439 1000
439 0 465 1000
465 0 492 1000
492 0 519 1000
519 0 547 1000
547 0 582 1000
582 0 618 1000
618 0 662 1000
662 0 717 1000
717 0 772 1000
772 0 828 1000
828 0 1000 1000
0 0 2 1000
2 0 4 1000
4 0 8 1000
8 0 14 1000
14 0 20 1000
20 0 26 1000
26 0 31 1000
31 0 35 1000
35 0 41 1000
41 0 49 1000
49 0 58 1000
58 0 68 1000
68 0 79 1000
79 0 90 1000
90 0 102 1000
102 0 115 1000
115 0 130 1000
130 0 146 1000
146 0 162 1000
162 0 178 1000
178 0 196 1000
196 0 215 1000
215 0 234 1000
234 0 253 1000
253 0 272 1000
272 0 292 1000
292 0 316 1000
316 0 340 1000
340 0 369 1000
369 0 399 1000
399 0 430 1000
430 0 462 1000
462 0 495 1000
495 0 529 1000
529 0 564 1000
564 0 601 1000
601 0 641 1000
641 0 684 1000
684 0 738 1000
738 0 811 1000
811 0 889 1000
889 0 1000 1000
0 0 2 1000
2 0 4 1000
4 0 7 1000
7 0 12 1000
12 0 18 1000
18 0 24 1000
24 0 30 1000
30 0 37 1000
37 0 44 1000
44 0 53 1000
53 0 62 1000
62 0 72 1000
72 0 82 1000
82 0 93 1000
93 0 105 1000
105 0 117 1000
117 0 129 1000
129 0 141 1000
141 0 154 1000
154 0 169 1000
169 0 185 1000
185 0 203 1000
203 0 223 1000
223 0 246 1000
246 0 269 1000
269 0 293 1000
293 0 319 1000
319 0 346 1000
346 0 374 1000
374 0 402 1000
402 0 431 1000
431 0 460 1000
460 0 494 1000
494 0 533 1000
533 0 574 1000
574 0 617 1000
617 0 661 1000
661 0 705 1000
705 0 755 1000
755 0 811 1000
811 0 889 1000
889 0 1000 1000
0 0 2 1000
2 0 4 1000
4 0 7 1000
7 0 12 1000
12 0 16 1000
16 0 20 1000
20 0 27 1000
27 0 35 1000
35 0 44 1000
44 0 53 1000
53 0 63 1000
63 0 73 1000
73 0 84 1000
84 0 95 1000
95 0 106 1000
106 0 118 1000
118 0 130 1000
130 0 143 1000
143 0 156 1000
156 0 170 1000
170 0 185 1000
185 0 203 1000
203 0 223 1000
223 0 246 1000
246 0 269 1000
269 0 293 1000
293 0 319 1000
319 0 346 1000
346 0 374 1000
374 0 402 1000
402 0 431 1000
431 0 460 1000
460 0 490 1000
490 0 523 1000
523 0 557 1000
557 0 592 1000
592 0 631 1000
631 0 673 1000
673 0 722 1000
722 0 780 1000
780 0 883 1000
883 0 1000 1000
0 0 2 1000
2 0 4 1000
4 0 7 1000
7 0 12 1000
12 0 16 1000
16 0 20 1000
20 0 27 1000
27 0 33 1000
33 0 38 1000
38 0 45 1000
45 0 52 1000
52 0 59 1000
59 0 66 1000
66 0 74 1000
74 0 82 1000
82 0 90 1000
90 0 98 1000
98 0 107 1000
107 0 117 1000
117 0 127 1000
127 0 138 1000
138 0 152 1000
152 0 166 1000
166 0 180 1000
180 0 195 1000
195 0 210 1000
210 0 227 1000
227 0 247 1000
247 0 267 1000
267 0 291 1000
291 0 320 1000
320 0 350 1000
350 0 380 1000
380 0 415 1000
415 0 465 1000
465 0 517 1000
517 0 571 1000
571 0 631 1000
631 0 695 1000
695 0 775 1000
775 0 881 1000
881 0 1000 1000
0 0 2 1000
2 0 3 1000
3 0 5 1000
5 0 7 1000
7 0 9 1000
9 0 11 1000
11 0 13 1000
13 0 17 1000
17 0 21 1000
21 0 26 1000
26 0 31 1000
31 0 36 1000
36 0 42 1000
42 0 53 1000
53 0 66 1000
66 0 80 1000
80 0 95 1000
95 0 110 1000
110 0 125 1000
125 0 141 1000
141 0 157 1000
157 0 175 1000
175 0 195 1000
195 0 219 1000
219 0 244 1000
244 0 273 1000
273 0 302 1000
302 0 331 1000
331 0 361 1000
361 0 393 1000
393 0 426 1000
426 0 460 1000
460 0 495 1000
495 0 533 1000
533 0 574 1000
574 0 619 1000
619 0 664 1000
664 0 712 1000
712 0 766 1000
766 0 822 1000
822 0 888 1000
888 0 1000 1000
0 0 1 1000
1 0 3 1000
3 0 5 1000
5 0 7 1000
7 0 10 1000
10 0 13 1000
13 0 17 1000
17 0 22 1000
22 0 27 1000
27 0 32 1000
32 0 38 1000
38 0 44 1000
44 0 52 1000
52 0 60 1000
60 0 68 1000
68 0 80 1000
80 0 95 1000
95 0 110 1000
110 0 125 1000
125 0 141 1000
141 0 157 1000
157 0 175 1000
175 0 194 1000
194 0 214 1000
214 0 234 1000
234 0 259 1000
259 0 286 1000
286 0 313 1000
313 0 342 1000
342 0 375 1000
375 0 408 1000
408 0 442 1000
442 0 481 1000
481 0 522 1000
522 0 563 1000
563 0 604 1000
604 0 652 1000
652 0 703 1000
703 0 760 1000
760 0 831 1000
831 0 903 1000
903 0 1000 1000
0 0 2 1000
2 0 4 1000
4 0 6 1000
6 0 9 1000
9 0 12 1000
12 0 16 1000
16 0 20 1000
20 0 24 1000
24 0 29 1000
29 0 35 1000
35 0 42 1000
42 0 50 1000
50 0 59 1000
59 0 68 1000
68 0 77 1000
77 0 87 1000
87 0 98 1000
98 0 110 1000
110 0 125 1000
125 0 141 1000
141 0 157 1000
157 0 175 1000
175 0 194 1000
194 0 214 1000
214 0 234 1000
234 0 259 1000
259 0 286 1000
286 0 313 1000
313 0 342 1000
342 0 372 1000
372 0 405 1000
405 0 439 1000
439 0 473 1000
473 0 509 1000
509 0 547 1000
547 0 587 1000
587 0 627 1000
627 0 668 1000
668 0 712 1000
712 0 779 1000
779 0 851 1000
851 0 1000 1000
