0 0 1 1000
1 0 2 1000
2 0 5 1000
5 0 8 1000
8 0 13 1000
13 0 18 1000
18 0 25 1000
25 0 33 1000
33 0 45 1000
45 0 58 1000
58 0 71 1000
71 0 85 1000
85 0 99 1000
99 0 115 1000
115 0 133 1000
133 0 153 1000
153 0 178 1000
178 0 212 1000
212 0 246 1000
246 0 282 1000
282 0 321 1000
321 0 363 1000
363 0 405 1000
405 0 451 1000
451 0 497 1000
497 0 560 1000
560 0 628 1000
628 0 705 1000
705 0 820 1000
0 0 3 1000
3 0 6 1000
6 0 10 1000
10 0 15 1000
15 0 21 1000
21 0 30 1000
30 0 43 1000
43 0 57 1000
57 0 73 1000
73 0 90 1000
90 0 110 1000
110 0 133 1000
133 0 156 1000
156 0 185 1000
185 0 214 1000
214 0 243 1000
243 0 273 1000
273 0 305 1000
305 0 339 1000
339 0 373 1000
373 0 411 1000
411 0 460 1000
460 0 509 1000
509 0 559 1000
559 0 614 1000
614 0 671 1000
671 0 737 1000
737 0 826 1000
826 0 919 1000
0 0 2 1000
2 0 7 1000
7 0 12 1000
12 0 18 1000
18 0 24 1000
24 0 31 1000
31 0 43 1000
43 0 57 1000
57 0 73 1000
73 0 90 1000
90 0 110 1000
110 0 133 1000
133 0 156 1000
156 0 173 1000
173 0 194 1000
194 0 219 1000
219 0 250 1000
250 0 281 1000
281 0 317 1000
317 0 358 1000
358 0 400 1000
400 0 444 1000
444 0 489 1000
489 0 540 1000
540 0 607 1000
607 0 689 1000
689 0 774 1000
774 0 878 1000
878 0 987 1000
0 0 2 1000
2 0 7 1000
7 0 12 1000
12 0 18 1000
18 0 25 1000
25 0 33 1000
33 0 43 1000
43 0 57 1000
57 0 73 1000
73 0 90 1000
90 0 110 1000
110 0 133 1000
133 0 156 1000
156 0 174 1000
174 0 194 1000
194 0 219 1000
219 0 250 1000
250 0 281 1000
281 0 317 1000
317 0 358 1000
358 0 400 1000
400 0 442 1000
442 0 485 1000
485 0 543 1000
543 0 607 1000
607 0 689 1000
689 0 770 1000
770 0 879 1000
879 0 992 1000
0 0 2 1000
2 0 7 1000
7 0 12 1000
12 0 18 1000
18 0 25 1000
25 0 33 1000
33 0 43 1000
43 0 57 1000
57 0 73 1000
73 0 90 1000
90 0 110 1000
110 0 133 1000
133 0 156 1000
156 0 174 1000
174 0 191 1000
191 0 208 1000
208 0 231 1000
231 0 261 1000
261 0 291 1000
291 0 326 1000
326 0 367 1000
367 0 410 1000
410 0 454 1000
454 0 518 1000
518 0 584 1000
584 0 652 1000
652 0 724 1000
724 0 845 1000
845 0 1000 1000
0 0 2 1000
2 0 7 1000
7 0 12 1000
12 0 18 1000
18 0 25 1000
25 0 33 1000
33 0 43 1000
43 0 57 1000
57 0 73 1000
73 0 90 1000
90 0 110 1000
110 0 130 1000
130 0 145 1000
145 0 161 1000
161 0 178 1000
178 0 199 1000
199 0 224 1000
224 0 251 1000
251 0 289 1000
289 0 329 1000
329 0 372 1000
372 0 421 1000
421 0 472 1000
472 0 525 1000
525 0 580 1000
580 0 645 1000
645 0 743 1000
743 0 850 1000
850 0 1000 1000
0 0 3 1000
3 0 7 1000
7 0 12 1000
12 0 18 1000
18 0 25 1000
25 0 33 1000
33 0 43 1000
43 0 57 1000
57 0 72 1000
72 0 85 1000
85 0 99 1000
99 0 115 1000
115 0 132 1000
132 0 151 1000
151 0 175 1000
175 0 201 1000
201 0 228 1000
228 0 257 1000
257 0 287 1000
287 0 325 1000
325 0 365 1000
365 0 409 1000
409 0 467 1000
467 0 526 1000
526 0 592 1000
592 0 660 1000
660 0 743 1000
743 0 850 1000
850 0 1000 1000
0 0 3 1000
3 0 7 1000
7 0 12 1000
12 0 18 1000
18 0 25 1000
25 0 33 1000
33 0 43 1000
43 0 57 1000
57 0 72 1000
72 0 85 1000
85 0 99 1000
99 0 115 1000
115 0 132 1000
132 0 151 1000
151 0 175 1000
175 0 201 1000
201 0 228 1000
228 0 257 1000
257 0 287 1000
287 0 325 1000
325 0 365 1000
365 0 409 1000
409 0 467 1000
467 0 526 1000
526 0 591 1000
591 0 660 1000
660 0 745 1000
745 0 850 1000
850 0 1000 1000
0 0 3 1000
3 0 4 1000
4 0 6 1000
6 0 11 1000
11 0 17 1000
17 0 24 1000
24 0 31 1000
31 0 39 1000
39 0 49 1000
49 0 63 1000
63 0 77 1000
77 0 93 1000
93 0 116 1000
116 0 141 1000
141 0 176 1000
176 0 215 1000
215 0 256 1000
256 0 298 1000
298 0 341 1000
341 0 385 1000
385 0 431 1000
431 0 480 1000
480 0 532 1000
532 0 584 1000
584 0 643 1000
643 0 704 1000
704 0 766 1000
766 0 850 1000
850 0 1000 1000
0 0 3 1000
3 0 4 1000
4 0 6 1000
6 0 8 1000
8 0 14 1000
14 0 23 1000
23 0 33 1000
33 0 44 1000
44 0 57 1000
57 0 76 1000
76 0 96 1000
96 0 117 1000
117 0 138 1000
138 0 160 1000
160 0 184 1000
184 0 215 1000
215 0 256 1000
256 0 298 1000
298 0 341 1000
341 0 385 1000
385 0 431 1000
431 0 480 1000
480 0 528 1000
528 0 578 1000
578 0 636 1000
636 0 703 1000
703 0 776 1000
776 0 853 1000
853 0 1000 1000
0 0 2 1000
2 0 5 1000
5 0 10 1000
10 0 15 1000
15 0 20 1000
20 0 27 1000
27 0 35 1000
35 0 44 1000
44 0 58 1000
58 0 76 1000
76 0 96 1000
96 0 117 1000
117 0 138 1000
138 0 160 1000
160 0 184 1000
184 0 215 1000
215 0 256 1000
256 0 298 1000
298 0 341 1000
341 0 385 1000
385 0 429 1000
429 0 461 1000
461 0 494 1000
494 0 528 1000
528 0 567 1000
567 0 606 1000
606 0 714 1000
714 0 825 1000
825 0 1000 1000
0 0 2 1000
2 0 5 1000
5 0 10 1000
10 0 15 1000
15 0 20 1000
20 0 27 1000
27 0 35 1000
35 0 44 1000
44 0 58 1000
58 0 76 1000
76 0 96 1000
96 0 117 1000
117 0 138 1000
138 0 160 1000
160 0 184 1000
184 0 215 1000
215 0 250 1000
250 0 281 1000
281 0 312 1000
312 0 345 1000
345 0 383 1000
383 0 425 1000
425 0 477 1000
477 0 546 1000
546 0 621 1000
621 0 697 1000
697 0 775 1000
775 0 859 1000
859 0 1000 1000
0 0 2 1000
2 0 5 1000
5 0 10 1000
10 0 15 1000
15 0 20 1000
20 0 27 1000
27 0 35 1000
35 0 44 1000
44 0 58 1000
58 0 76 1000
76 0 96 1000
96 0 117 1000
117 0 138 1000
138 0 160 1000
160 0 184 1000
184 0 215 1000
215 0 245 1000
245 0 276 1000
276 0 308 1000
308 0 347 1000
347 0 387 1000
387 0 427 1000
427 0 477 1000
477 0 546 1000
546 0 621 1000
621 0 697 1000
697 0 775 1000
775 0 859 1000
859 0 1000 1000
0 0 2 1000
2 0 5 1000
5 0 10 1000
10 0 14 1000
14 0 20 1000
20 0 27 1000
27 0 35 1000
35 0 44 1000
44 0 58 1000
58 0 76 1000
76 0 96 1000
96 0 117 1000
117 0 137 1000
137 0 154 1000
154 0 173 1000
173 0 197 1000
197 0 230 1000
230 0 263 1000
263 0 299 1000
299 0 346 1000
346 0 396 1000
396 0 448 1000
448 0 502 1000
502 0 557 1000
557 0 621 1000
621 0 697 1000
697 0 775 1000
775 0 859 1000
859 0 1000 1000
0 0 2 1000
2 0 5 1000
5 0 10 1000
10 0 14 1000
14 0 20 1000
20 0 27 1000
27 0 35 1000
35 0 44 1000
44 0 58 1000
58 0 71 1000
71 0 86 1000
86 0 104 1000
104 0 122 1000
122 0 143 1000
143 0 172 1000
172 0 205 1000
205 0 240 1000
240 0 275 1000
275 0 311 1000
311 0 348 1000
348 0 396 1000
396 0 448 1000
448 0 502 1000
502 0 557 1000
557 0 621 1000
621 0 697 1000
697 0 775 1000
775 0 859 1000
859 0 1000 1000
0 0 2 1000
2 0 5 1000
5 0 10 1000
10 0 14 1000
14 0 20 1000
20 0 27 1000
27 0 35 1000
35 0 44 1000
44 0 58 1000
58 0 71 1000
71 0 86 1000
86 0 104 1000
104 0 122 1000
122 0 143 1000
143 0 165 1000
165 0 185 1000
185 0 210 1000
210 0 239 1000
239 0 272 1000
272 0 312 1000
312 0 352 1000
352 0 401 1000
401 0 457 1000
457 0 514 1000
514 0 580 1000
580 0 651 1000
651 0 745 1000
745 0 845 1000
845 0 1000 1000
0 0 2 1000
2 0 5 1000
5 0 11 1000
11 0 20 1000
20 0 29 1000
29 0 40 1000
40 0 51 1000
51 0 65 1000
65 0 79 1000
79 0 99 1000
99 0 120 1000
120 0 144 1000
144 0 169 1000
169 0 195 1000
195 0 222 1000
222 0 249 1000
249 0 279 1000
279 0 310 1000
310 0 341 1000
341 0 375 1000
375 0 411 1000
411 0 448 1000
448 0 490 1000
490 0 536 1000
536 0 583 1000
583 0 651 1000
651 0 745 1000
745 0 845 1000
845 0 1000 1000
0 0 4 1000
4 0 9 1000
9 0 14 1000
14 0 19 1000
19 0 29 1000
29 0 40 1000
40 0 54 1000
54 0 72 1000
72 0 90 1000
90 0 108 1000
108 0 128 1000
128 0 148 1000
148 0 171 1000
171 0 195 1000
195 0 222 1000
222 0 249 1000
249 0 276 1000
276 0 305 1000
305 0 334 1000
334 0 365 1000
365 0 401 1000
401 0 439 1000
439 0 482 1000
482 0 538 1000
538 0 605 1000
605 0 672 1000
672 0 748 1000
748 0 846 1000
846 0 1000 1000
0 0 4 1000
4 0 8 1000
8 0 13 1000
13 0 19 1000
19 0 29 1000
29 0 41 1000
41 0 54 1000
54 0 72 1000
72 0 90 1000
90 0 108 1000
108 0 128 1000
128 0 148 1000
148 0 171 1000
171 0 195 1000
195 0 222 1000
222 0 249 1000
249 0 276 1000
276 0 305 1000
305 0 334 1000
334 0 365 1000
365 0 401 1000
401 0 439 1000
439 0 482 1000
482 0 538 1000
538 0 605 1000
605 0 672 1000
672 0 748 1000
748 0 846 1000
846 0 1000 1000
0 0 4 1000
4 0 8 1000
8 0 13 1000
13 0 19 1000
19 0 29 1000
29 0 41 1000
41 0 54 1000
54 0 72 1000
72 0 90 1000
90 0 108 1000
108 0 128 1000
128 0 148 1000
148 0 171 1000
171 0 195 1000
195 0 222 1000
222 0 248 1000
248 0 275 1000
275 0 304 1000
304 0 335 1000
335 0 369 1000
369 0 408 1000
408 0 447 1000
447 0 490 1000
490 0 539 1000
539 0 605 1000
605 0 672 1000
672 0 748 1000
748 0 846 1000
846 0 1000 1000
0 0 4 1000
4 0 8 1000
8 0 13 1000
13 0 19 1000
19 0 29 1000
29 0 41 1000
41 0 54 1000
54 0 72 1000
72 0 90 1000
90 0 108 1000
108 0 128 1000
128 0 148 1000
148 0 171 1000
171 0 195 1000
195 0 212 1000
212 0 232 1000
232 0 256 1000
256 0 287 1000
287 0 320 1000
320 0 358 1000
358 0 397 1000
397 0 437 1000
437 0 480 1000
480 0 525 1000
525 0 584 1000
584 0 651 1000
651 0 721 1000
721 0 852 1000
852 0 1000 1000
0 0 5 1000
5 0 10 1000
10 0 15 1000
15 0 22 1000
22 0 31 1000
31 0 41 1000
41 0 54 1000
54 0 69 1000
69 0 80 1000
80 0 93 1000
93 0 110 1000
110 0 128 1000
128 0 146 1000
146 0 168 1000
168 0 198 1000
198 0 229 1000
229 0 263 1000
263 0 298 1000
298 0 333 1000
333 0 371 1000
371 0 409 1000
409 0 454 1000
454 0 499 1000
499 0 545 1000
545 0 595 1000
595 0 658 1000
658 0 723 1000
723 0 852 1000
852 0 1000 1000
0 0 5 1000
5 0 10 1000
10 0 15 1000
15 0 22 1000
22 0 31 1000
31 0 41 1000
41 0 54 1000
54 0 69 1000
69 0 80 1000
80 0 93 1000
93 0 110 1000
110 0 128 1000
128 0 146 1000
146 0 168 1000
168 0 198 1000
198 0 229 1000
229 0 263 1000
263 0 298 1000
298 0 333 1000
333 0 371 1000
371 0 409 1000
409 0 454 1000
454 0 491 1000
491 0 537 1000
537 0 590 1000
590 0 662 1000
662 0 742 1000
742 0 852 1000
852 0 1000 1000
0 0 5 1000
5 0 10 1000
10 0 15 1000
15 0 22 1000
22 0 31 1000
31 0 41 1000
41 0 54 1000
54 0 67 1000
67 0 80 1000
80 0 93 1000
93 0 110 1000
110 0 128 1000
128 0 146 1000
146 0 168 1000
168 0 198 1000
198 0 229 1000
229 0 263 1000
263 0 298 1000
298 0 333 1000
333 0 371 1000
371 0 404 1000
404 0 435 1000
435 0 468 1000
468 0 530 1000
530 0 601 1000
601 0 673 1000
673 0 757 1000
757 0 859 1000
859 0 1000 1000
0 0 3 1000
3 0 9 1000
9 0 16 1000
16 0 24 1000
24 0 33 1000
33 0 44 1000
44 0 57 1000
57 0 73 1000
73 0 90 1000
90 0 108 1000
108 0 127 1000
127 0 146 1000
146 0 168 1000
168 0 194 1000
194 0 221 1000
221 0 248 1000
248 0 276 1000
276 0 304 1000
304 0 334 1000
334 0 372 1000
372 0 415 1000
415 0 459 1000
459 0 503 1000
503 0 548 1000
548 0 601 1000
601 0 673 1000
673 0 757 1000
757 0 859 1000
859 0 1000 1000
0 0 3 1000
3 0 9 1000
9 0 16 1000
16 0 24 1000
24 0 33 1000
33 0 44 1000
44 0 57 1000
57 0 73 1000
73 0 90 1000
90 0 108 1000
108 0 127 1000
127 0 146 1000
146 0 164 1000
164 0 179 1000
179 0 197 1000
197 0 221 1000
221 0 247 1000
247 0 279 1000
279 0 317 1000
317 0 361 1000
361 0 406 1000
406 0 456 1000
456 0 513 1000
513 0 570 1000
570 0 629 1000
629 0 691 1000
691 0 768 1000
768 0 854 1000
854 0 1000 1000
0 0 3 1000
3 0 9 1000
9 0 16 1000
16 0 24 1000
24 0 33 1000
33 0 44 1000
44 0 57 1000
57 0 66 1000
66 0 81 1000
81 0 99 1000
99 0 118 1000
118 0 137 1000
137 0 158 1000
158 0 180 1000
180 0 205 1000
205 0 231 1000
231 0 259 1000
259 0 292 1000
292 0 326 1000
326 0 361 1000
361 0 406 1000
406 0 456 1000
456 0 513 1000
513 0 570 1000
570 0 629 1000
629 0 693 1000
693 0 768 1000
768 0 854 1000
854 0 1000 1000
0 0 3 1000
3 0 9 1000
9 0 16 1000
16 0 24 1000
24 0 33 1000
33 0 44 1000
44 0 55 1000
55 0 66 1000
66 0 81 1000
81 0 99 1000
99 0 118 1000
118 0 137 1000
137 0 158 1000
158 0 180 1000
180 0 205 1000
205 0 231 1000
231 0 259 1000
259 0 287 1000
287 0 319 1000
319 0 351 1000
351 0 384 1000
384 0 419 1000
419 0 461 1000
461 0 504 1000
504 0 569 1000
569 0 635 1000
635 0 704 1000
704 0 798 1000
798 0 1000 1000
0 0 3 1000
3 0 9 1000
9 0 16 1000
16 0 24 1000
24 0 33 1000
33 0 44 1000
44 0 55 1000
55 0 66 1000
66 0 81 1000
81 0 99 1000
99 0 118 1000
118 0 137 1000
137 0 158 1000
158 0 180 1000
180 0 205 1000
205 0 231 1000
231 0 259 1000
259 0 283 1000
283 0 312 1000
312 0 343 1000
343 0 377 1000
377 0 413 1000
413 0 464 1000
464 0 518 1000
518 0 576 1000
576 0 637 1000
637 0 704 1000
704 0 798 1000
798 0 1000 1000
