2 190 174 29
195 11 14 189
199 14 41 199
183 182 12 19
1 19 182 199
186 193 9 11
4 183 184 56
184 160 8 2
169 183 16 11
6 27 182 154
199 178 25 15
3 196 193 29
2 197 92 26
188 3 64 196
33 34 178 196
177 199 14 37
173 188 48 3
191 14 55 188
54 193 190 31
196 6 39 158
171 187 37 33
18 14 179 195
0 179 196 32
4 192 135 37
18 9 173 124
191 184 16 25
184 194 31 58
10 182 160 11
18 199 177 86
194 28 13 194
5 194 98 2
8 20 151 180
13 193 75 1
181 2 92 27
190 38 11 164
25 14 137 160
195 16 15 137
32 6 193 110
15 172 130 4
182 189 11 41
26 15 177 127
9 190 171 3
167 11 40 145
7 34 175 181
25 174 169 19
9 14 161 165
190 30 17 139
191 185 18 31
9 197 184 62
2 181 180 13
4 161 167 23
25 196 184 73
169 8 51 171
7 183 68 11
170 194 26 53
187 183 64 59
35 8 113 182
0 184 121 82
188 26 5 157
3 143 185 31
196 11 105 163
160 3 21 171
145 18 28 192
172 195 6 43
162 5 72 181
25 166 182 44
178 181 60 71
58 4 123 193
9 193 182 14
163 196 1 13
18 56 199 155
179 184 37 41
23 23 151 197
189 8 7 53
24 25 165 152
185 151 45 10
8 15 180 173
172 193 21 72
175 199 38 60
195 137 38 16
50 41 166 188
168 135 13 9
10 196 181 26
165 171 3 40
184 188 40 49
29 49 193 195
4 17 142 196
182 43 58 191
172 177 84 30
182 32 36 116
17 190 197 49
185 190 39 15
174 12 68 180
28 190 144 40
161 191 44 33
182 192 10 70
180 20 1 163
5 190 147 79
5 156 94 9
174 62 31 175
14 191 176 112
11 36 111 197
195 155 13 187
22 26 93 199
10 178 173 74
6 160 7 54
156 145 0 27
0 10 98 146
3 126 168 67
185 16 11 85
187 91 2 11
184 197 7 78
191 143 27 4
6 37 149 162
18 8 172 80
32 196 72 9
6 10 160 195
2 195 110 50
158 0 58 154
191 192 82 19
189 48 106 189
14 192 169 3
7 190 144 16
186 9 66 134
195 21 85 117
192 150 69 28
11 188 2 12
26 9 125 129
4 195 184 67
11 163 132 58
189 196 13 58
15 3 13 188
178 187 17 83
15 10 185 168
16 26 126 129
4 59 190 192
41 15 190 176
188 9 24 147
192 136 1 6
185 43 37 183
156 1 23 139
32 195 123 11
14 194 105 20
130 22 29 193
25 156 150 36
45 179 183 35
165 7 61 149
195 10 34 77
61 182 187 66
21 59 174 177
126 9 61 182
35 190 145 45
57 8 187 166
192 179 16 29
13 197 193 82
174 199 39 96
3 197 64 1
6 146 193 54
175 187 3 106
192 188 40 27
12 26 93 169
12 11 100 158
193 7 59 177
35 25 183 145
4 48 166 160
46 18 196 123
172 35 62 191
12 33 182 195
5 35 180 194
199 15 6 131
66 199 184 7
175 147 13 45
195 175 26 44
191 20 45 172
3 17 61 72
11 30 143 162
199 10 137 197
192 153 19 5
185 19 89 183
187 132 2 29
194 19 36 76
183 14 33 56
33 195 151 17
45 12 187 199
146 47 14 191
4 54 164 116
31 151 191 11
5 185 167 1
93 0 186 153
17 199 116 95
194 176 15 2
168 18 68 149
157 11 30 128
6 159 191 62
161 197 126 130
145 10 14 131
185 35 11 9
7 173 182 82
44 4 193 126
6 175 95 42
180 198 87 52
183 196 84 116
187 174 133 52
4 26 175 177
12 168 189 70
168 183 10 10
69 3 146 191
113 23 190 199
148 197 69 71
6 192 185 86
193 5 102 145
2 198 161 41
177 198 61 17
3 195 58 0
191 98 195 31
27 131 183 46
199 23 61 125
163 186 42 92
19 199 80 31
45 178 181 66
16 175 138 52
12 192 162 57
41 183 114 64
19 84 198 180
177 192 76 120
58 27 166 172
180 196 17 160
186 79 38 180
26 190 182 17
148 29 4 139
20 12 183 156
5 3 95 111
15 7 100 123
8 165 184 114
182 160 195 17
197 176 128 45
186 138 61 45
12 139 144 7
174 197 50 54
182 173 38 12
44 34 184 175
4 172 161 75
5 16 199 54
170 159 80 21
104 2 25 158
183 4 148 169
0 192 63 53
26 182 193 18
162 64 50 191
8 141 81 19
159 23 63 163
4 4 156 147
7 180 108 39
191 177 86 138
133 17 4 177
30 193 198 77
1 18 150 198
23 165 90 34
197 61 61 165
24 199 133 36
26 189 173 53
15 188 164 11
192 189 35 110
191 28 5 57
114 2 15 185
183 165 18 6
24 6 169 108
24 196 176 5
198 136 112 197
18 55 129 46
127 199 27 23
24 142 6 56
3 146 163 5
9 22 195 18
193 32 100 186
16 196 158 64
26 59 144 186
7 190 176 113
1 27 152 148
63 63 185 174
192 37 10 126
166 167 84 14
197 188 95 44
64 58 176 191
40 178 122 3
15 84 191 171
169 182 165 115
194 160 78 70
53 185 112 18
14 52 162 74
35 152 165 13
20 155 180 43
177 188 30 93
174 7 73 113
173 4 95 136
185 38 51 142
159 8 34 106
0 21 164 138
21 32 118 185
66 183 193 93
9 182 181 136
174 10 125 179
28 1 67 159
99 181 9 38
20 154 156 56
48 190 177 45
178 81 182 136
8 7 187 140
13 68 133 199
38 1 169 92
179 1 43 142
192 28 31 168
0 78 197 122
1 38 139 164
195 88 11 2
22 24 79 159
186 183 31 105
108 198 72 6
3 3 99 132
184 13 60 102
14 186 165 35
125 2 144 197
182 161 99 33
191 37 65 175
31 171 116 18
10 160 144 33
98 195 43 4
42 152 179 65
191 21 74 117
15 161 197 103
61 193 21 17
3 72 196 141
16 32 187 156
58 175 183 22
44 163 179 35
175 178 68 107
168 196 30 117
9 43 146 100
15 15 78 93
4 21 117 130
159 178 2 58
178 47 34 199
199 51 153 149
24 11 158 153
185 152 11 75
180 48 20 17
25 192 145 90
184 129 95 112
26 1 89 137
28 32 126 171
169 142 104 21
186 33 31 62
179 34 35 103
196 151 72 4
32 191 143 59
187 49 5 108
181 121 84 19
190 37 39 193
149 123 2 9
6 129 170 49
39 46 175 141
28 56 174 90
20 18 143 175
2 107 121 25
6 60 178 66
140 1 1 105
186 13 91 143
149 39 17 188
65 4 196 174
174 61 60 158
20 13 158 115
3 177 140 85
2 70 177 121
24 36 114 196
193 13 89 158
2 2 152 112
190 28 15 111
172 22 99 195
198 16 26 2
6 5 136 45
50 172 153 21
149 66 31 195
45 190 156 6
52 197 166 92
57 154 197 13
15 175 171 73
80 178 179 26
7 168 11 10
40 2 170 177
3 8 96 136
148 192 8 109
174 80 12 26
30 164 170 8
16 66 162 174
190 191 45 197
187 10 53 141
14 38 158 120
184 3 18 98
195 117 9 163
24 33 81 193
24 10 142 170
147 8 90 170
162 190 47 60
17 179 169 74
80 17 172 134
8 69 176 182
75 19 183 186
21 31 199 124
191 9 28 78
173 151 57 83
48 192 105 164
191 134 37 14
163 172 99 1
2 6 199 63
186 171 26 26
177 184 5 188
5 166 173 26
78 198 181 59
7 15 115 56
8 76 176 129
37 13 71 170
193 111 50 8
150 33 75 173
192 160 128 38
65 174 162 71
49 56 194 137
163 172 26 199
127 185 182 144
168 93 38 195
12 40 147 108
12 72 158 199
2 24 134 57
136 0 100 147
129 186 174 57
196 71 36 29
191 66 13 15
177 171 62 73
192 146 11 38
25 144 99 29
195 85 62 7
23 196 175 137
192 63 28 3
10 56 167 187
69 27 185 127
62 2 179 110
182 187 77 27
2 162 146 40
17 174 150 154
183 101 24 150
1 112 198 152
51 8 47 166
15 125 179 87
186 59 7 8
179 62 10 141
174 171 73 57
11 158 186 156
65 12 147 95
166 60 42 181
158 175 45 113
199 113 118 8
1 51 183 52
10 6 5 199
181 105 35 147
179 6 18 96
43 196 94 73
107 33 191 188
73 178 14 24
17 145 130 49
125 193 1 73
3 53 186 166
173 189 66 2
189 4 178 180
171 54 48 197
41 156 148 44
1 76 145 167
162 194 49 39
176 176 67 199
10 163 138 63
74 199 59 63
141 137 3 52
27 37 158 111
184 27 98 186
63 195 178 56
15 78 188 163
22 171 112 2
95 6 16 189
185 183 7 100
48 153 189 33
122 189 180 4
191 22 103 85
193 103 4 95
146 171 68 19
186 110 2 80
178 55 63 141
161 3 131 158
179 16 25 130
31 36 196 187
32 171 137 46
129 4 189 196
95 3 169 169
172 31 46 178
23 6 120 157
195 145 36 164
69 182 140 26
177 59 39 42
68 188 26 23
17 13 61 167
30 145 195 21
15 37 60 192
191 180 163 98
183 59 41 138
21 64 125 192
181 15 121 83
199 22 146 175
77 188 184 49
190 106 17 29
138 159 25 78
183 9 1 140
171 9 65 82
19 67 154 154
49 185 1 4
23 13 155 150
0 189 180 105
32 3 94 139
7 47 154 169
190 44 77 190
59 12 5 189
99 4 30 118
141 11 75 180
3 30 129 132
2 193 153 87
27 65 184 133
148 161 105 5
4 121 69 181
39 8 27 197
173 157 19 80
172 19 18 11
161 185 103 48
45 199 24 9
52 195 193 84
195 154 108 67
51 169 179 125
196 99 33 37
155 13 21 179
2 184 116 22
16 150 129 187
81 1 119 157
90 58 175 196
185 196 80 57
185 52 50 97
40 3 178 14
52 151 172 58
185 84 36 50
133 46 24 139
176 26 150 155
1 68 151 114
37 36 109 68
90 3 41 190
58 168 175 29
197 11 167 147
183 129 25 76
192 162 103 25
173 0 111 190
95 195 179 29
195 24 44 41
190 10 133 185
189 176 5 103
16 5 104 22
15 94 138 197
182 193 60 28
22 175 131 73
36 119 199 41
14 45 130 152
11 24 74 199
18 190 177 57
59 20 113 185
156 48 63 172
8 138 153 25
101 3 120 191
131 13 165 162
128 198 194 62
171 181 27 57
191 77 9 156
11 165 131 6
138 11 71 175
7 1 92 93
1 112 91 45
12 199 104 108
187 100 61 168
121 180 172 45
192 159 5 176
50 198 143 29
5 53 97 182
133 164 16 101
93 198 127 30
183 49 98 166
194 101 18 25
184 158 1 96
187 115 84 44
89 187 4 15
187 197 65 41
4 2 117 123
4 130 185 190
14 26 140 106
176 156 58 68
193 34 69 128
84 143 164 195
19 151 55 41
9 188 177 194
198 32 115 161
9 188 68 50
170 37 146 189
29 0 34 196
29 48 114 169
175 30 58 188
176 105 63 181
41 9 29 165
5 155 158 71
187 141 1 191
134 150 24 13
134 1 39 132
3 175 164 101
7 23 24 151
22 64 46 179
185 20 147 139
15 168 97 27
191 1 86 89
163 170 166 20
3 4 171 154
10 17 182 97
53 172 159 93
199 147 75 199
47 164 99 63
52 198 148 86
82 38 156 176
197 193 76 90
55 189 158 35
159 158 10 79
20 25 143 183
143 159 189 35
167 172 46 5
160 183 11 149
22 40 113 140
144 151 27 51
62 198 173 79
10 12 153 158
12 15 142 156
2 177 94 7
182 185 71 47
198 30 44 189
28 187 113 38
195 170 42 46
184 186 36 84
116 35 15 135
57 18 9 164
196 154 94 199
13 103 167 196
186 189 159 17
37 16 109 89
52 187 50 23
45 24 155 177
41 186 89 66
7 58 119 196
37 28 190 42
161 196 30 65
182 56 73 165
41 197 177 166
18 192 126 15
1 169 59 4
182 170 53 81
160 34 182 178
73 6 49 187
69 70 192 175
7 168 153 23
189 21 36 64
166 144 110 8
48 181 49 57
3 55 119 131
38 40 140 197
145 191 171 39
69 194 53 68
189 97 36 27
190 74 14 141
14 149 95 62
176 12 21 46
184 76 57 193
196 160 89 15
116 17 38 133
170 164 41 124
19 143 176 33
97 185 180 63
193 52 155 178
27 187 159 126
33 173 21 1
183 29 71 194
19 196 140 120
11 147 147 53
4 8 36 176
122 189 3 25
129 175 6 47
184 96 43 52
13 90 86 175
82 195 70 64
192 198 42 119
33 187 103 32
189 48 27 199
151 179 37 161
176 14 39 103
13 32 166 21
195 8 121 154
15 191 154 9
81 15 168 153
68 56 174 144
197 165 51 43
142 186 34 50
73 27 137 175
36 194 80 2
49 188 103 15
69 175 2 16
19 130 95 33
160 109 27 46
32 22 194 32
1 182 38 41
160 174 10 68
198 129 35 37
20 24 187 44
70 149 189 197
191 59 13 178
62 6 156 130
111 14 159 162
12 140 33 38
181 5 71 136
129 8 153 146
180 144 91 9
156 144 5 71
136 10 144 195
113 4 98 190
17 1 150 132
163 183 18 77
40 26 143 37
135 193 193 50
129 43 34 151
125 3 92 194
155 18 59 69
187 157 46 180
31 25 131 102
165 0 19 136
54 41 155 190
162 49 49 58
36 177 126 52
170 60 139 181
68 6 10 11
17 94 177 53
18 138 148 138
6 8 50 181
37 62 165 190
77 44 192 184
32 111 166 184
173 166 10 36
174 182 0 124
86 44 192 164
110 10 138 198
34 39 111 174
66 33 164 102
20 85 99 2
137 190 188 52
81 25 95 187
180 48 6 146
180 77 22 185
171 30 44 89
89 195 191 52
173 42 56 164
47 19 188 66
188 14 46 87
66 192 153 16
100 51 9 176
10 195 156 136
174 71 12 109
158 182 23 104
169 193 107 25
198 124 110 27
115 17 26 112
160 196 138 10
192 110 18 155
9 73 157 8
185 142 50 92
31 41 124 106
171 89 12 150
100 189 194 125
7 80 192 145
183 13 164 196
0 6 134 153
29 177 191 189
76 167 127 6
8 19 175 57
2 3 161 102
10 157 149 43
18 135 186 30
16 85 136 169
12 148 164 20
149 35 14 156
153 188 6 33
9 98 161 185
8 31 164 134
29 17 135 84
159 1 24 170
161 153 64 120
150 12 49 144
170 150 7 147
74 172 176 24
135 188 36 139
11 57 161 114
189 185 146 31
45 194 179 144
187 8 112 148
93 179 4 21
166 114 103 33
35 17 128 100
28 5 41 167
128 127 18 14
136 23 177 167
23 102 167 143
72 188 121 49
16 7 165 30
27 172 165 163
147 184 58 79
141 177 68 28
154 175 5 93
70 173 154 19
6 81 128 183
39 170 16 4
198 39 57 92
20 191 58 48
44 5 44 112
180 27 100 85
3 54 197 32
32 92 161 10
170 192 198 40
2 77 167 125
199 108 79 7
126 180 171 29
46 53 117 186
16 91 50 168
197 73 23 116
0 97 141 172
153 101 181 12
8 63 164 9
191 105 42 100
31 51 130 165
107 166 35 34
186 47 64 183
199 191 17 130
46 29 114 160
136 172 77 29
168 4 91 131
35 72 89 186
47 190 41 73
12 65 132 188
141 181 195 72
193 197 72 115
131 29 5 182
99 183 7 86
96 24 186 120
13 1 79 162
150 182 174 10
132 178 92 28
184 3 147 171
117 196 97 36
11 176 159 111
41 28 48 165
29 174 181 88
48 199 187 148
2 14 40 177
22 71 167 32
45 13 158 61
23 35 127 160
190 124 63 33
26 150 57 43
123 128 7 192
162 165 95 98
143 3 48 83
55 14 189 155
146 37 5 166
186 15 156 169
17 173 146 66
51 7 118 165
19 150 115 81
153 192 70 53
137 1 51 23
8 127 199 103
172 2 170 187
113 0 67 146
174 192 75 38
147 196 91 89
58 102 197 158
31 45 158 77
0 40 130 129
189 124 80 178
13 0 55 161
27 43 197 161
68 5 126 174
175 26 43 112
117 198 158 62
6 134 129 49
43 5 177 78
8 62 121 149
125 150 28 19
194 27 13 94
6 34 179 27
54 61 107 199
192 67 87 189
7 196 79 17
144 130 13 92
145 127 8 60
20 43 91 152
152 10 26 77
17 44 54 142
1 71 5 161
43 122 144 52
198 41 88 72
172 188 50 132
182 175 44 69
10 165 168 178
189 146 65 47
184 98 47 135
174 170 130 26
62 3 100 137
38 121 162 9
56 32 165 143
151 31 124 199
180 81 42 168
95 28 9 146
124 171 159 38
199 195 159 72
122 156 11 16
141 78 11 199
40 29 187 152
18 168 24 35
97 2 41 136
153 86 48 38
36 196 82 73
52 179 54 60
100 189 56 29
151 13 32 138
82 7 178 90
51 159 155 43
25 191 116 124
18 142 174 186
70 7 16 193
23 163 179 123
5 51 84 155
120 14 30 169
94 39 67 198
7 64 118 139
198 161 31 189
126 189 89 33
193 178 82 7
124 198 26 126
194 60 47 162
190 19 80 88
9 172 123 68
80 198 198 149
134 36 17 106
44 14 78 118
167 15 141 183
141 5 38 116
168 26 82 86
171 16 126 96
191 167 194 5
10 198 160 167
23 179 46 6
198 23 69 65
174 158 16 98
185 149 23 9
136 21 4 7
26 38 130 157
159 190 5 121
79 8 178 165
180 102 82 4
142 53 15 158
31 192 148 198
177 31 23 24
154 12 53 129
170 171 138 55
77 4 172 146
11 69 105 150
26 88 162 30
8 38 114 144
18 22 173 27
43 31 179 24
147 109 24 183
197 74 80 105
175 27 60 134
188 161 134 17
8 103 186 164
3 105 169 114
56 102 198 158
173 102 24 20
168 13 93 195
123 33 177 195
91 142 50 1
12 47 163 159
181 9 65 89
172 1 13 121
180 21 83 182
170 22 92 105
198 196 128 29
28 117 156 31
191 88 46 7
197 125 38 76
33 175 13 62
45 15 92 140
152 164 2 40
167 120 78 35
175 197 115 44
22 189 159 181
167 113 71 8
55 61 164 147
184 98 72 175
186 196 67 138
43 17 92 185
34 117 184 34
36 14 4 123
27 68 181 129
189 23 156 199
6 170 85 18
119 182 146 16
76 15 19 159
90 191 100 8
100 184 11 106
0 136 134 23
2 71 20 199
194 195 12 134
198 155 148 15
69 142 182 95
14 3 20 189
112 175 17 56
10 46 152 75
70 172 193 79
174 191 103 79
10 85 31 21
92 180 27 33
196 5 100 152
83 35 26 172
12 129 138 15
23 12 157 85
30 69 175 105
16 22 77 121
2 17 123 75
151 24 71 130
20 20 77 191
191 3 83 112
1 87 10 149
17 43 150 98
169 198 64 52
180 175 45 117
111 11 112 199
6 4 80 106
46 86 160 13
184 51 37 172
195 134 81 66
180 140 63 199
8 16 124 98
4 62 129 33
44 101 159 73
37 155 69 28
174 190 72 117
151 43 21 2
22 15 132 156
153 83 75 198
90 147 189 21
46 8 127 70
30 55 77 161
176 22 39 148
33 6 153 107
42 117 187 70
40 30 165 98
37 54 92 90
192 100 84 4
122 25 87 182
196 102 26 117
87 175 47 58
167 184 109 11
113 23 9 83
116 7 9 183
49 31 20 71
12 166 66 20
60 6 161 115
4 1 107 148
56 133 136 77
139 119 38 18
23 54 121 166
42 174 6 37
137 176 70 12
13 127 166 36
176 13 45 137
38 173 35 28
90 189 60 69
151 2 11 7
9 109 145 41
170 147 8 100
9 148 58 30
57 139 147 31
66 25 47 189
141 56 23 8
58 153 152 101
9 199 113 110
177 80 108 162
40 62 180 72
34 195 12 17
182 100 81 74
22 13 123 97
172 183 105 108
197 199 131 160
154 71 2 13
186 194 174 91
190 118 10 174
124 180 193 26
184 33 31 46
192 182 2 134
13 19 164 31
13 190 3 91
95 18 177 160
37 160 131 67
192 9 106 144
8 160 152 95
58 176 191 146
51 138 177 179
32 66 189 121
172 8 9 98
22 162 151 37
198 5 83 187
3 102 185 27
123 42 12 190
166 165 76 1
13 176 138 156
99 22 196 130
182 47 3 100
26 103 132 198
40 151 156 36
13 135 81 86
165 26 16 73
170 164 113 3
61 27 134 168
171 19 29 95
22 95 158 47
171 145 72 80
85 49 157 195
47 170 56 49
64 135 172 18
185 60 57 90
16 132 78 55
192 138 138 85
171 61 109 150
171 173 48 166
81 194 156 98
49 12 190 1
142 48 17 130
18 100 92 195
6 36 141 111
197 181 120 46
103 17 21 166
144 43 38 14
45 195 187 132
193 189 75 56
190 93 35 74
35 148 106 62
47 155 43 42
25 187 93 42
36 13 83 115
159 55 11 6
22 38 170 138
111 198 78 116
112 66 26 197
29 175 150 47
198 9 162 111
2 179 170 80
46 41 158 88
83 53 143 188
115 190 53 52
196 149 89 12
99 26 50 133
192 18 106 88
183 105 111 175
7 139 74 28
53 27 173 126
165 186 46 80
168 195 83 133
6 180 92 49
163 66 79 135
159 145 69 32
32 165 41 23
69 25 181 168
169 16 95 116
116 169 27 83
37 178 171 100
24 57 174 70
187 97 90 174
199 177 27 123
80 171 11 64
101 152 181 16
43 137 199 168
14 161 160 152
94 14 132 182
74 189 91 21
26 78 119 185
27 31 42 189
54 38 47 158
51 184 104 135
110 57 62 17
40 89 164 1
42 21 109 137
60 137 92 6
15 24 118 9
191 130 28 122
158 135 9 89
7 110 150 174
51 195 163 113
4 74 83 185
103 36 7 137
187 21 135 130
186 94 47 117
126 10 16 155
163 8 88 103
157 22 6 48
193 173 98 95
63 3 179 35
184 47 176 148
183 91 15 166
19 174 120 109
199 120 28 99
183 178 64 139
33 119 192 86
0 63 138 101
126 26 143 173
46 109 195 157
45 33 128 146
53 53 199 51
175 183 83 62
23 93 173 41
142 56 35 182
99 36 168 147
163 157 150 16
123 39 6 159
67 151 163 85
13 30 96 99
90 196 121 150
4 170 51 89
181 57 117 181
12 142 100 86
185 97 30 144
32 160 179 151
40 26 9 159
187 80 60 176
46 3 109 155
127 124 54 18
15 179 15 23
29 42 118 187
105 0 32 145
40 4 166 128
159 66 46 54
30 151 196 26
45 159 184 120
173 29 130 193
36 35 94 195
28 74 130 159
25 173 153 147
11 13 138 17
153 175 73 148
162 23 84 103
43 84 188 1
170 78 36 133
2 199 41 16
107 4 198 139
88 14 60 144
93 19 113 173
34 18 101 160
3 20 156 154
2 185 94 49
25 31 152 65
14 177 170 74
11 141 53 2
53 8 106 178
123 180 70 2
13 173 121 60
174 167 2 183
179 117 46 182
60 12 133 78
167 129 3 111
35 2 132 127
137 194 66 35
194 98 57 2
6 1 27 136
71 182 135 83
1 168 90 104
169 51 139 195
105 8 195 115
102 57 199 146
154 95 69 1
13 112 127 33
62 15 139 185
5 25 185 137
142 59 80 167
74 13 1 126
20 70 161 135
158 13 13 59
31 44 109 193
134 157 29 85
192 179 139 94
76 21 140 161
61 148 169 116
157 84 12 50
5 28 57 169
147 1 46 157
3 33 158 18
80 5 30 113
152 184 56 183
175 155 102 25
40 169 126 97
193 185 195 58
194 37 144 189
50 180 124 99
32 7 130 186
177 58 80 92
175 127 33 170
70 88 190 165
87 199 164 52
158 20 23 46
151 199 61 41
4 68 153 27
188 128 38 108
4 70 175 24
190 189 143 26
197 186 121 57
143 198 167 34
145 71 62 184
197 106 110 10
49 40 14 183
143 197 182 20
85 65 188 189
65 147 190 17
187 30 59 73
187 185 64 147
43 165 149 64
21 124 133 97
92 17 155 110
109 36 194 143
101 3 178 36
29 25 195 51
93 68 174 189
197 159 109 144
17 134 150 42
168 165 33 139
14 164 6 22
8 50 112 155
2 87 120 117
11 193 96 38
30 13 140 51
126 51 166 179
161 194 47 191
197 118 135 45
16 151 169 136
49 168 92 68
37 190 188 199
2 157 124 188
124 175 104 27
16 182 191 199
76 182 172 43
113 6 80 160
148 77 57 24
73 5 118 96
41 38 154 64
28 0 38 196
149 182 55 58
53 116 128 18
185 70 103 169
27 1 94 158
53 86 181 145
7 35 140 113
98 10 86 177
111 15 159 188
75 37 169 2
184 20 38 45
21 197 126 99
174 64 76 131
23 191 177 112
48 132 114 26
76 178 186 194
188 118 73 24
195 189 75 165
28 171 176 61
127 186 83 34
53 124 172 177
135 20 3 90
116 178 30 119
25 143 178 62
38 31 135 12
184 22 17 37
159 192 61 75
184 29 58 44
176 193 131 59
2 141 149 90
68 150 176 178
6 166 134 123
1 77 109 143
111 162 140 33
74 27 26 179
111 171 165 10
192 30 79 19
2 144 150 106
8 75 131 63
14 76 177 170
55 57 166 6
180 80 39 179
193 74 92 7
61 8 74 174
19 179 192 163
90 196 35 197
140 190 175 37
160 96 43 43
37 29 135 108
142 10 20 125
18 65 165 140
158 103 52 38
61 185 92 79
186 74 18 21
194 107 86 4
189 178 42 96
109 187 21 50
193 149 113 39
67 78 186 159
122 26 79 143
65 148 22 47
4 119 111 87
89 43 122 197
185 96 84 119
121 198 14 97
2 146 140 70
176 92 43 150
162 140 20 149
160 171 52 22
16 61 159 141
134 30 63 177
174 147 90 7
166 82 59 46
45 51 184 28
5 144 91 74
36 55 142 169
2 49 178 22
52 57 50 159
55 32 182 102
22 53 19 148
117 151 17 38
149 2 84 108
109 196 107 54
166 12 37 121
61 108 187 6
63 186 140 83
70 162 80 18
178 16 46 154
22 26 153 46
174 132 35 135
164 106 74 175
3 93 73 17
190 167 2 95
25 60 135 153
144 17 89 88
118 5 61 139
186 154 81 49
41 90 162 109
61 197 58 15
194 146 108 37
198 96 54 49
39 21 32 147
151 71 28 129
87 181 188 100
161 90 11 135
166 183 190 38
196 18 103 132
82 43 54 165
45 14 125 164
43 198 182 103
53 194 199 92
25 73 185 142
167 45 19 25
199 84 91 25
138 3 65 97
42 48 115 171
145 184 27 171
198 154 144 25
157 65 14 98
60 14 117 161
59 158 131 16
131 182 157 49
104 9 159 150
41 148 125 180
127 157 7 98
34 129 196 196
151 159 113 10
12 4 54 84
120 186 106 89
157 155 63 108
13 26 123 183
82 10 140 163
150 180 184 53
23 188 111 28
33 194 40 22
74 181 125 135
190 46 92 119
85 124 178 6
97 197 199 89
58 3 86 134
52 101 184 144
191 179 129 89
184 198 120 24
70 13 41 171
3 176 115 122
189 125 155 39
108 3 53 127
68 131 169 100
155 188 92 58
14 185 101 72
179 140 41 100
156 71 49 164
3 82 100 17
105 198 1 106
0 165 122 158
22 129 106 3
1 19 83 97
146 21 59 61
194 52 48 135
1 131 113 197
149 164 3 163
104 155 139 27
68 6 105 132
13 76 193 66
187 9 101 182
156 156 59 28
191 33 27 104
146 5 114 165
139 44 6 57
17 96 81 196
172 164 196 4
1 146 196 118
1 115 143 63
114 181 33 144
85 195 96 24
148 34 46 81
40 107 159 57
193 147 41 60
189 181 63 134
25 167 121 191
7 194 124 133
50 193 168 154
34 179 49 22
127 180 28 79
183 73 41 126
194 180 145 100
149 49 0 110
126 34 14 179
112 174 154 14
177 81 31 144
171 41 87 151
130 181 53 4
66 9 125 145
129 191 90 32
176 0 131 126
145 171 99 73
35 36 189 96
175 2 72 100
83 53 1 87
155 123 59 16
158 146 12 116
0 43 180 74
158 58 90 43
196 63 49 118
154 21 94 128
121 21 151 130
25 22 10 159
86 164 194 33
177 163 3 174
179 132 86 46
185 97 66 83
27 85 95 191
40 187 149 174
155 82 110 199
107 12 39 114
66 179 75 21
70 167 151 45
74 30 176 101
72 17 193 85
73 186 141 69
33 72 196 11
89 41 155 167
189 158 78 185
15 78 148 28
154 89 65 165
61 164 19 64
74 171 45 90
28 84 120 198
32 153 14 85
195 40 146 121
188 24 119 110
36 124 89 1
140 11 170 158
150 11 98 164
155 102 56 182
32 126 146 62
5 37 63 185
190 197 138 33
40 32 35 136
63 19 5 120
165 106 6 150
83 123 134 3
71 189 187 75
54 197 105 43
168 192 118 50
147 120 1 92
18 169 118 71
8 44 133 168
67 13 59 117
158 172 140 10
102 10 188 80
132 42 66 36
38 75 14 160
50 147 126 68
69 134 195 41
12 113 98 14
145 72 53 166
16 74 97 151
142 30 131 152
159 47 40 135
196 47 144 141
33 12 143 90
106 181 153 94
182 23 69 60
5 115 125 41
185 149 94 114
7 144 175 199
145 13 46 131
192 196 29 49
48 162 175 175
154 30 150 133
198 59 40 25
137 51 43 120
119 173 147 15
49 31 140 14
86 15 172 137
198 47 61 69
90 1 185 35
9 182 34 108
112 39 36 61
194 3 190 142
125 128 96 14
176 147 136 50
63 136 161 47
4 173 154 193
99 175 17 108
157 163 17 99
195 46 36 162
118 183 31 145
146 199 15 112
96 144 49 17
49 16 189 61
27 119 84 104
160 53 70 172
180 86 58 31
17 52 161 107
128 174 21 3
145 77 14 22
175 163 64 73
14 121 144 168
99 45 143 161
108 35 176 121
29 22 131 121
190 13 10 3
62 187 135 41
71 113 68 49
33 58 189 51
4 5 93 122
146 135 165 42
22 134 76 30
42 103 177 17
153 79 75 191
160 156 91 35
134 184 185 25
36 184 188 89
97 17 115 144
35 117 19 24
192 77 122 166
145 28 67 66
170 108 72 186
75 195 93 64
153 60 61 157
29 39 164 43
181 56 45 103
29 13 118 67
188 178 141 103
14 7 193 164
172 46 17 57
158 158 54 22
50 140 122 29
82 16 106 193
199 76 41 41
8 34 124 115
180 119 39 117
174 181 66 148
49 122 181 184
41 119 145 146
195 124 49 68
10 165 67 74
198 147 107 11
52 76 163 12
130 123 25 18
143 73 4 137
33 181 174 106
18 84 95 185
54 148 185 80
13 76 99 174
35 137 4 49
24 140 136 90
189 105 183 23
59 37 176 81
7 19 114 141
198 135 134 179
170 184 97 19
2 52 112 63
178 1 175 130
31 97 169 28
199 86 90 154
20 57 129 128
112 195 154 58
82 23 65 151
173 91 23 53
66 30 171 148
135 179 34 42
79 169 152 68
144 1 158 156
129 26 105 190
174 104 18 142
158 141 124 30
91 4 169 178
33 88 158 124
196 192 169 34
104 186 175 84
9 78 140 41
31 186 142 115
82 22 33 144
173 22 176 147
181 154 76 97
155 154 65 108
40 67 135 22
134 70 19 95
186 100 75 22
99 31 165 134
77 9 154 66
71 191 7 107
131 196 47 103
175 48 56 131
196 111 86 20
30 70 106 184
88 28 30 137
195 33 128 150
118 174 46 65
176 70 57 157
66 161 139 196
24 162 6 7
52 15 152 69
84 115 1 26
124 197 180 80
152 188 33 106
90 191 161 119
19 39 18 153
80 196 136 31
174 18 66 107
6 113 91 46
166 83 55 53
4 79 170 133
41 157 192 113
195 188 193 45
39 63 112 192
120 47 17 8
188 154 38 117
89 23 152 45
82 171 74 69
48 1 47 168
157 107 34 182
69 35 156 137
22 136 131 150
162 1 178 126
105 191 13 183
42 11 114 52
71 42 152 150
11 115 152 144
42 48 91 13
80 42 162 124
165 167 105 106
140 31 27 11
181 141 43 154
78 128 199 160
56 165 173 71
10 124 128 40
82 145 16 74
148 38 14 84
1 182 62 107
85 38 15 160
127 54 48 178
143 172 12 113
87 145 4 24
23 49 121 113
22 171 189 117
6 32 65 167
167 92 79 106
147 36 92 196
62 13 180 67
151 47 14 117
48 31 181 115
132 56 52 3
48 188 153 44
179 51 45 58
117 193 149 41
10 104 171 158
141 63 6 127
194 28 86 60
0 171 100 43
25 147 179 178
161 70 53 135
102 74 193 46
8 72 143 36
32 183 180 163
59 39 99 162
34 53 134 133
162 33 57 19
124 39 193 155
196 110 41 161
11 78 153 163
142 89 2 116
57 191 135 183
158 90 56 1
157 132 12 81
194 66 85 106
120 27 61 189
21 95 142 24
86 195 155 81
197 169 69 111
118 178 175 63
173 104 8 126
198 107 161 152
198 106 144 20
125 5 61 90
51 47 127 129
134 127 10 38
89 2 140 118
175 67 3 79
162 4 126 185
110 20 146 125
199 91 20 67
190 70 65 5
83 27 119 178
160 57 35 142
192 152 15 170
70 22 173 109
61 46 152 199
4 196 29 69
41 154 112 34
191 161 63 193
43 189 57 34
152 77 188 148
171 50 51 120
175 11 73 6
166 10 80 121
59 85 115 147
177 47 66 160
10 184 106 107
189 124 42 74
187 69 133 170
55 149 85 66
41 65 154 172
89 181 79 5
62 71 190 161
51 178 153 71
137 130 5 126
148 42 109 133
141 150 179 21
2 36 117 117
187 168 93 149
156 19 193 141
31 124 129 173
9 8 16 159
183 177 45 139
34 75 159 94
8 42 151 83
36 182 72 63
171 169 98 59
114 37 156 161
167 140 16 109
55 156 157 146
93 68 54 137
111 10 62 124
46 194 144 162
132 15 192 147
185 187 171 69
14 106 56 11
36 185 177 102
17 79 136 37
29 122 133 154
28 197 14 30
190 127 38 121
15 61 43 172
73 80 184 5
190 8 152 145
1 160 39 13
124 52 74 185
63 40 136 164
191 57 63 39
199 174 181 64
176 170 44 126
68 173 152 60
103 199 72 111
21 110 140 181
110 12 43 187
62 185 132 75
191 34 52 84
93 15 189 69
55 141 78 8
41 67 151 146
62 1 59 174
153 41 60 137
169 89 45 31
153 194 115 77
118 69 86 190
167 167 48 169
44 109 191 77
11 71 171 30
91 177 198 108
187 87 52 109
180 5 22 66
193 89 128 141
106 68 23 171
105 199 157 81
55 11 189 98
74 158 38 32
94 198 124 27
45 163 144 21
72 3 179 112
152 97 35 49
111 184 26 81
32 15 128 95
142 189 148 45
191 58 110 126
123 165 182 1
27 162 77 31
143 153 63 70
1 52 91 132
90 130 99 3
178 161 172 5
119 153 46 21
164 125 144 17
142 7 83 152
98 29 7 60
184 159 49 195
62 155 153 17
81 10 177 46
66 21 98 177
100 82 46 136
166 96 11 78
147 191 128 25
44 187 77 22
72 20 157 112
91 158 57 72
120 199 134 64
77 38 128 174
30 132 121 31
197 178 154 23
73 189 127 175
15 47 107 121
10 150 116 136
84 124 3 66
192 61 196 178
188 33 47 57
60 195 190 86
19 117 75 10
33 152 80 73
43 15 170 70
36 152 103 77
195 90 74 105
91 177 92 47
87 193 28 113
32 140 56 30
29 187 195 170
42 164 90 10
124 127 158 19
12 119 111 151
155 94 26 62
0 83 134 178
23 111 152 152
153 14 12 99
152 36 11 102
141 49 67 193
188 180 160 61
10 194 122 169
180 139 57 79
130 173 50 104
32 38 32 163
151 154 121 5
14 176 36 87
170 101 36 108
13 87 134 29
23 188 135 131
195 55 95 157
199 69 26 100
155 141 36 183
37 177 102 19
164 135 38 84
79 0 63 107
71 186 13 72
98 15 184 154
37 103 197 155
33 162 118 191
38 24 141 88
5 141 139 88
24 58 113 4
35 107 125 155
151 29 7 148
146 75 65 42
56 33 150 44
198 193 67 188
196 44 93 32
141 189 156 27
189 184 68 131
158 9 152 142
170 78 16 129
174 161 162 10
9 193 104 153
38 33 199 44
69 67 144 27
189 85 27 78
171 174 99 61
66 50 11 138
190 197 56 141
105 36 2 121
101 9 97 171
108 181 187 43
53 36 8 98
9 4 80 113
160 186 84 55
123 168 65 57
114 12 65 99
160 168 18 146
117 78 13 191
25 168 94 107
148 192 156 64
194 16 97 153
185 199 155 66
166 18 199 163
184 152 32 190
138 20 190 162
112 43 152 154
99 198 19 26
56 73 119 3
148 55 69 40
8 198 23 89
21 131 111 2
47 133 136 125
83 172 119 40
185 62 48 111
156 194 150 32
96 159 199 68
16 18 130 81
190 119 179 196
75 139 63 40
194 107 60 172
20 190 98 162
38 1 14 93
151 12 142 170
194 115 23 189
83 81 182 176
100 170 197 130
156 3 97 119
194 111 71 28
1 102 80 55
95 194 95 31
49 199 98 72
26 141 170 103
154 115 0 32
180 179 145 28
162 168 70 147
60 183 144 111
113 167 79 133
72 59 145 166
7 125 105 59
44 158 69 5
54 105 155 181
107 101 170 178
142 56 66 46
41 49 5 194
158 45 105 179
21 42 76 179
27 167 76 198
11 98 89 42
19 50 102 130
48 147 174 99
85 45 137 154
51 15 116 125
56 37 158 134
183 111 111 39
187 129 14 187
10 54 36 194
167 150 33 177
142 134 27 163
27 126 87 55
4 38 101 121
168 40 16 39
28 106 149 68
159 25 166 129
0 133 80 16
164 45 44 161
156 30 43 32
90 1 51 118
83 171 196 140
7 180 167 97
183 93 0 68
101 89 60 184
73 89 178 193
180 19 146 154
44 17 185 45
17 154 89 46
64 176 120 4
107 161 25 44
131 141 73 25
53 56 94 155
25 121 162 100
172 64 90 176
22 157 64 74
70 26 168 87
29 53 96 141
75 85 163 134
28 126 135 90
26 153 181 98
130 128 34 111
79 87 40 13
54 171 107 34
39 160 181 101
132 53 43 179
25 151 177 142
31 11 176 54
0 137 91 124
90 178 121 99
69 174 128 60
65 22 2 158
48 93 166 49
129 14 71 147
7 65 120 28
197 1 62 65
9 48 125 80
120 66 51 152
170 75 68 137
93 3 72 187
41 26 149 35
55 24 166 5
129 133 156 83
170 11 158 114
45 106 177 64
193 179 108 174
143 95 53 175
91 61 182 15
65 189 16 34
193 31 172 173
75 130 176 173
194 7 64 27
168 132 52 88
100 191 122 137
133 43 69 123
36 179 84 80
66 10 24 114
188 68 141 164
191 101 107 56
151 79 61 117
86 114 21 9
199 19 17 3
136 198 143 126
195 172 73 94
17 164 141 193
194 101 96 157
31 26 54 186
160 149 28 103
128 6 60 117
93 177 186 62
3 70 106 158
18 51 63 179
182 36 93 82
29 118 167 72
187 40 119 85
30 185 73 110
64 24 168 55
51 65 127 174
9 30 78 158
99 40 140 119
27 156 88 34
118 16 37 107
111 182 156 10
37 5 39 154
61 4 199 23
171 78 69 9
3 53 129 51
195 48 39 92
163 127 45 15
9 75 19 195
154 84 178 31
166 45 29 34
126 89 67 185
154 150 21 110
125 29 18 147
120 96 60 29
50 154 75 37
197 70 36 18
40 112 188 49
187 35 55 35
33 0 12 129
195 100 94 13
135 49 95 177
15 118 153 59
158 166 30 166
32 5 127 86
194 141 98 178
33 16 179 7
47 108 135 6
61 178 83 51
10 96 103 21
158 9 16 77
153 0 27 95
163 53 158 142
125 167 136 25
166 144 61 112
12 172 37 11
168 192 179 135
13 31 158 48
45 194 126 82
8 103 136 132
144 138 78 74
101 165 26 82
24 136 146 158
186 126 119 194
44 193 106 98
165 155 154 70
122 35 90 124
41 128 118 190
132 33 97 148
39 66 184 149
167 140 91 43
37 163 182 112
176 38 72 68
183 162 75 112
29 91 137 26
72 43 199 7
113 118 4 32
35 75 28 173
128 196 128 74
168 11 90 118
58 185 158 162
95 11 176 85
152 182 115 84
45 13 25 54
68 138 125 73
16 62 111 110
50 188 135 21
42 126 146 176
162 133 40 115
115 148 197 153
59 21 70 167
85 68 39 172
151 48 78 52
165 3 16 13
173 66 95 183
140 191 23 101
190 101 14 161
128 142 174 40
154 88 101 183
95 146 52 28
149 33 43 84
98 25 133 172
193 2 38 118
39 16 96 125
14 198 113 156
32 124 129 78
102 127 103 74
49 3 123 33
173 59 156 186
33 97 162 95
52 0 117 111
1 124 171 143
81 190 153 150
63 155 165 181
171 182 158 54
139 183 120 85
173 35 188 125
89 18 46 128
166 78 25 67
113 25 127 131
50 109 190 67
39 162 135 112
21 136 126 50
59 24 162 92
26 27 73 162
110 95 55 178
142 42 24 79
45 19 138 65
102 89 45 189
186 46 48 45
17 122 162 183
59 181 168 199
137 8 159 160
34 22 86 110
91 15 55 151
13 184 20 77
170 5 187 170
6 145 165 167
196 85 109 194
23 143 107 92
178 175 97 133
129 100 35 194
185 122 68 141
35 180 24 33
40 92 126 154
48 176 170 6
179 106 81 155
162 49 140 108
185 66 15 50
169 133 117 49
139 47 104 177
192 111 34 167
124 191 18 72
33 188 85 139
192 141 22 126
157 159 198 101
14 118 108 82
79 109 197 78
108 180 166 125
149 170 100 34
188 198 79 167
63 170 120 91
15 100 65 184
80 58 154 87
168 156 78 2
131 26 66 131
75 183 77 8
144 102 35 171
135 97 24 171
17 76 78 162
125 15 66 136
155 118 89 165
12 141 155 168
76 74 176 199
128 88 23 102
197 29 66 43
142 27 92 154
16 43 43 175
32 28 107 145
12 89 9 19
80 22 173 49
35 32 39 195
181 21 186 182
125 174 129 100
190 4 120 47
18 36 17 194
79 33 88 177
197 79 91 7
194 35 6 26
164 15 28 54
27 181 157 166
68 155 121 114
158 198 53 148
136 52 19 140
73 47 174 76
150 167 70 184
59 113 182 60
105 194 180 120
198 187 60 185
60 30 97 140
100 20 175 64
182 80 85 11
56 168 153 68
103 2 170 46
58 29 83 149
125 152 47 75
59 138 86 5
34 35 32 169
35 155 163 144
137 33 125 177
17 34 157 24
139 190 180 51
196 134 128 180
32 152 89 69
41 54 49 166
47 176 163 125
139 11 17 10
125 111 28 178
130 14 57 120
149 148 67 90
97 54 168 185
96 194 180 135
100 61 53 179
133 140 174 17
181 80 55 144
22 48 131 20
76 196 130 63
78 181 89 13
59 23 91 148
62 134 138 67
4 182 108 155
198 38 110 108
117 182 35 81
47 12 124 59
118 19 133 149
43 78 127 134
161 26 77 1
96 100 7 18
194 141 180 88
3 68 81 120
17 189 122 109
135 168 52 151
191 130 39 198
14 88 141 65
121 178 58 74
139 176 45 127
49 53 95 165
190 33 146 112
22 107 185 43
2 93 39 183
118 199 51 119
74 53 123 131
159 166 25 189
2 154 130 106
119 47 11 39
113 199 54 135
3 23 4 154
119 124 42 52
16 121 149 172
171 124 64 106
3 181 96 170
180 155 44 174
12 167 150 189
2 181 56 35
112 121 156 84
47 42 124 31
141 157 109 15
84 23 193 72
126 46 133 189
123 159 72 17
100 189 150 58
52 9 189 22
81 0 59 126
120 21 13 115
180 182 67 118
31 106 198 118
7 5 122 60
170 161 31 160
152 158 187 50
151 182 95 145
76 24 115 184
168 117 184 29
74 144 72 11
5 185 39 21
109 135 153 9
52 113 113 5
166 104 192 13
159 100 102 46
146 160 174 77
121 135 16 58
195 158 132 119
142 151 109 43
27 157 154 145
78 13 19 175
11 81 62 113
95 17 114 177
109 185 23 124
137 21 61 106
184 118 2 138
183 27 170 194
2 168 104 186
116 159 58 157
34 192 125 172
121 131 178 39
156 115 1 66
14 106 117 133
83 21 120 128
173 135 74 165
13 134 70 3
70 19 184 65
37 189 33 14
99 99 18 38
45 101 123 184
21 113 70 9
154 115 47 107
60 165 192 189
62 62 126 150
71 157 130 57
39 85 190 81
174 5 13 7
77 148 121 37
164 72 15 152
148 147 17 67
77 17 103 125
175 145 136 15
174 133 150 4
111 19 111 136
168 45 87 102
67 98 155 156
146 185 189 44
44 26 129 68
131 34 90 100
196 45 95 166
195 60 4 50
89 199 142 99
120 189 139 14
100 61 51 24
157 141 134 48
82 191 145 70
175 16 167 170
56 99 28 175
40 15 95 161
66 32 104 162
75 183 5 122
11 20 39 150
14 101 50 164
3 85 117 59
118 172 15 109
170 127 13 119
177 50 164 193
73 155 115 76
194 68 107 124
80 185 83 5
88 169 188 83
62 102 56 36
33 82 148 63
122 146 53 25
196 142 74 42
102 147 132 57
21 150 128 107
135 62 107 146
2 179 44 78
3 140 113 148
173 84 88 141
111 43 194 122
121 172 27 98
114 150 184 83
47 112 152 43
78 86 138 180
121 53 137 189
70 100 64 199
117 137 33 111
28 83 179 80
102 180 144 118
159 99 76 37
105 29 168 91
35 94 83 161
28 144 149 121
141 5 184 155
118 179 0 123
158 129 151 12
13 122 108 45
186 49 19 51
99 114 11 44
16 99 159 151
6 186 98 80
174 147 196 69
107 185 93 76
95 122 14 60
149 195 85 126
34 153 50 12
51 17 78 120
185 11 98 76
157 197 35 119
161 77 6 34
15 199 128 147
51 41 141 165
98 70 19 124
183 18 79 23
24 112 92 10
169 30 88 97
72 25 175 41
189 23 2 129
17 75 105 39
116 4 48 33
185 55 80 45
138 86 52 165
130 42 12 78
165 16 99 125
161 141 121 66
105 35 2 184
11 119 97 9
156 39 32 52
66 7 107 78
121 74 20 132
110 120 21 189
85 168 108 56
35 70 137 110
73 119 171 179
3 180 104 116
171 174 170 69
57 133 134 66
102 178 81 75
182 174 65 104
27 80 94 188
150 122 10 197
140 5 10 175
119 143 68 101
75 143 95 28
151 175 113 138
188 116 63 183
199 37 66 80
119 163 5 180
137 155 44 61
56 71 148 136
147 174 190 55
48 116 139 145
35 8 191 4
80 87 168 44
134 150 179 84
148 145 2 53
55 121 42 64
140 6 167 157
194 8 136 92
51 19 64 184
74 186 99 82
2 198 35 17
141 104 130 18
169 85 145 1
141 57 30 15
41 105 158 170
103 153 190 113
66 41 137 123
194 115 65 100
121 131 68 105
186 115 84 179
84 187 89 106
120 33 30 106
17 87 153 40
165 118 47 114
65 83 23 167
63 21 64 180
131 197 57 93
171 187 106 123
20 192 69 138
32 157 120 112
168 7 149 125
34 172 111 113
21 185 11 32
34 162 115 194
189 38 116 102
81 117 152 195
188 164 80 157
63 160 142 78
154 81 104 199
57 98 198 73
145 104 87 10
118 10 92 90
185 78 53 73
146 71 70 118
137 164 177 59
59 146 145 67
62 81 111 149
67 81 193 123
82 193 75 91
58 193 129 112
176 166 27 145
76 167 138 193
2 37 127 41
184 41 89 127
24 168 161 175
183 84 101 143
54 127 176 114
23 64 98 149
160 69 61 134
190 39 105 143
157 51 92 128
117 38 183 130
166 144 172 34
53 194 38 123
144 12 128 123
89 54 159 158
80 132 25 30
155 53 96 147
65 171 44 100
146 35 138 144
28 30 144 70
129 69 95 123
35 72 160 140
139 36 160 165
199 139 85 99
186 19 163 91
192 60 107 18
162 127 137 67
168 140 191 28
81 106 175 61
142 31 12 39
161 158 82 161
195 77 57 9
26 24 120 55
89 191 185 129
112 74 198 192
158 128 80 19
190 68 114 109
187 12 196 151
9 108 76 68
178 59 76 110
181 172 61 171
145 104 65 138
152 56 195 152
61 53 177 10
170 18 43 79
71 40 28 135
43 15 11 120
94 175 121 129
13 137 51 197
161 149 42 84
6 84 77 182
66 190 12 93
78 108 191 53
64 156 36 59
198 44 130 137
116 49 191 112
112 143 74 43
51 136 189 143
1 108 110 141
18 1 55 81
16 87 119 138
123 15 42 67
179 11 98 116
110 15 43 65
155 64 3 68
116 35 122 159
164 47 65 131
181 0 98 91
191 48 59 26
82 140 128 63
128 136 117 23
151 176 132 62
12 47 122 48
59 193 52 19
188 41 74 25
83 41 35 85
110 178 110 86
151 162 64 44
86 35 117 110
30 104 137 113
98 140 156 94
83 19 80 190
129 69 89 6
140 11 5 149
90 39 195 112
116 41 194 106
19 30 12 143
24 181 148 194
135 155 29 111
53 114 161 196
178 129 30 97
28 186 150 141
6 36 49 178
14 80 128 158
151 26 124 155
31 139 108 105
33 129 106 91
158 2 59 82
163 41 131 163
114 83 64 167
123 113 49 64
127 75 59 10
72 122 173 106
139 3 169 125
53 88 12 187
103 178 153 54
6 76 97 99
180 32 130 120
180 77 78 89
61 48 119 129
104 145 46 87
65 16 89 113
104 55 190 112
198 74 131 131
181 28 169 179
78 53 184 71
131 1 11 49
194 13 101 22
134 26 188 132
194 91 165 14
19 176 101 122
135 7 112 146
91 17 32 64
116 165 19 196
25 154 155 77
40 189 122 162
144 3 166 115
72 197 5 117
182 73 197 164
81 41 132 76
156 165 154 48
1 21 121 52
187 198 107 175
149 96 90 68
99 30 150 184
14 143 83 6
57 85 164 90
45 32 25 146
98 193 168 140
47 76 94 190
145 102 90 114
2 177 157 68
22 33 138 82
28 151 47 51
188 93 80 96
76 9 86 180
6 176 3 62
146 7 85 72
100 28 166 184
125 9 85 71
81 51 157 82
134 52 126 146
26 137 94 160
194 113 113 6
6 41 30 188
140 198 92 120
20 153 148 165
92 0 5 97
42 23 97 89
161 96 191 168
110 109 45 152
129 142 26 114
101 155 9 109
28 179 145 2
0 187 151 199
87 81 25 190
71 168 155 21
142 136 163 21
19 17 11 159
15 102 116 47
39 67 150 12
74 62 180 70
32 141 153 121
125 115 1 144
182 120 157 21
97 164 30 174
199 105 167 49
195 85 126 138
56 109 145 51
114 128 65 69
99 52 173 88
55 26 118 113
84 135 139 184
151 92 124 42
101 179 163 78
143 56 177 115
108 138 29 25
108 29 3 59
93 172 51 78
147 115 70 197
53 17 10 121
144 31 26 19
183 173 117 107
122 71 54 184
182 55 81 117
25 35 33 186
131 32 192 77
5 174 21 58
153 81 7 93
41 45 104 157
180 36 40 37
173 95 94 146
34 164 160 180
141 62 64 125
139 153 41 42
192 40 127 139
36 185 177 162
126 10 101 80
199 56 139 197
26 164 103 66
131 57 32 106
62 9 123 54
164 79 52 99
96 117 11 148
57 21 139 61
43 193 29 105
78 179 59 11
32 156 113 97
21 197 18 49
104 143 177 75
117 78 135 195
53 59 88 198
116 69 26 124
40 126 23 18
35 43 123 125
22 193 36 80
147 105 137 165
87 43 178 49
81 198 46 114
28 188 111 130
199 186 126 137
114 86 69 124
192 39 39 35
55 134 122 20
102 151 15 55
98 112 112 21
132 88 15 130
194 156 50 149
102 81 9 191
184 60 152 168
71 55 137 173
27 109 141 102
96 89 177 153
149 56 174 165
57 107 134 81
21 177 36 42
189 129 163 61
15 41 133 117
8 149 57 65
149 116 55 139
38 181 85 189
131 133 175 54
8 179 28 85
99 183 195 61
164 72 83 65
48 93 184 141
23 144 123 143
42 161 51 69
9 91 36 191
31 126 86 23
93 120 0 29
91 141 152 134
36 11 33 142
123 197 25 160
71 93 187 120
64 129 18 197
45 125 122 95
81 11 49 147
73 91 120 137
15 129 112 91
198 175 133 103
6 103 103 111
131 154 105 35
75 174 27 100
43 102 128 87
24 127 190 184
198 93 94 55
88 158 8 83
64 78 15 98
110 28 5 44
30 134 156 105
42 86 149 74
85 177 87 75
149 188 110 61
199 177 158 97
65 136 171 170
113 58 52 108
188 134 102 158
194 165 112 109
175 47 73 61
2 90 71 163
61 113 78 14
49 139 84 37
48 114 108 0
50 153 140 93
72 49 150 172
32 34 65 110
188 101 112 58
157 46 95 140
60 42 93 127
129 92 195 151
33 72 135 109
68 152 102 60
147 144 60 37
27 172 97 115
22 2 64 66
108 103 56 199
156 195 15 21
90 147 136 114
61 16 132 65
140 136 112 5
98 4 199 9
123 16 168 133
67 148 131 39
57 176 122 121
86 39 28 2
197 195 141 136
146 181 63 198
138 167 188 70
5 18 138 5
96 115 127 22
114 126 122 192
116 68 1 135
63 137 5 31
57 80 146 123
143 56 199 4
49 168 163 183
179 49 114 125
156 33 93 43
104 5 157 38
29 184 154 164
197 44 53 49
169 134 54 106
34 191 81 95
31 136 132 60
192 132 172 38
164 152 62 130
90 101 15 171
148 78 60 106
194 109 111 74
80 85 187 142
143 93 191 134
113 121 42 16
72 172 85 61
98 49 198 84
94 58 185 58
80 108 194 88
121 35 120 189
102 31 151 11
13 0 102 29
174 180 27 165
33 19 118 22
64 42 194 126
188 118 25 198
172 68 96 144
82 80 8 7
188 160 151 84
46 158 142 137
140 140 123 37
115 138 39 33
76 136 2 44
199 14 163 198
71 152 4 103
145 122 103 186
106 27 20 62
100 61 87 124
134 88 85 165
26 135 148 29
37 27 128 70
176 16 46 22
148 122 18 73
69 120 104 10
94 35 147 127
38 65 76 172
139 152 34 133
158 122 62 95
164 12 181 116
148 48 17 5
52 32 56 91
31 33 103 123
116 73 179 146
33 100 81 45
39 199 45 80
9 158 72 104
120 101 194 77
78 47 10 107
155 70 41 152
100 91 103 143
87 87 172 143
18 71 61 127
37 55 15 173
95 51 12 42
186 20 149 107
164 144 133 84
98 69 194 134
6 152 27 54
49 47 76 141
1 158 99 192
40 156 115 108
47 36 113 98
29 144 135 179
116 45 146 164
115 99 55 155
89 27 13 179
96 68 46 164
181 76 144 3
10 106 140 177
28 132 95 120
158 148 105 67
169 53 157 191
127 144 33 86
96 152 141 67
24 40 8 122
111 142 34 118
18 156 115 188
163 145 74 161
137 29 123 122
89 67 108 179
146 69 112 179
90 84 177 110
75 5 187 25
82 144 198 144
153 129 194 22
101 68 187 30
71 14 21 60
157 61 196 146
13 40 91 39
62 125 120 42
83 199 21 149
16 91 171 132
136 72 94 149
61 22 16 187
181 188 168 76
80 118 33 183
105 184 119 78
89 109 171 43
79 83 157 73
198 70 11 45
55 42 88 124
76 114 4 73
138 11 166 148
28 45 80 60
119 161 109 52
119 6 150 135
90 156 160 138
123 12 122 112
147 68 96 141
23 62 5 183
42 176 48 89
7 42 86 181
191 147 136 180
166 38 93 34
154 27 128 175
199 169 153 93
63 152 122 189
165 132 96 151
193 187 165 104
70 62 143 31
136 55 27 89
173 28 91 62
81 105 42 6
93 151 126 48
67 14 107 107
139 92 101 163
179 81 155 175
68 186 196 141
45 36 15 132
11 3 135 9
73 128 163 155
90 97 161 38
50 103 97 5
130 185 49 157
46 78 24 166
27 17 67 58
50 44 149 48
185 157 113 151
115 70 10 198
38 35 181 49
93 118 190 125
89 125 156 185
194 139 96 96
197 119 99 103
67 142 51 45
107 69 183 53
134 130 77 162
168 95 175 25
10 28 47 126
114 138 154 69
104 12 193 40
4 105 52 169
117 68 27 96
104 48 154 120
71 185 78 17
113 100 72 38
107 61 83 192
150 71 97 15
23 19 111 71
35 130 60 0
192 62 100 42
54 91 168 57
14 75 37 173
14 134 36 54
47 9 146 43
191 166 53 139
87 20 33 103
138 108 118 173
28 147 31 47
114 166 14 150
111 63 163 10
114 194 131 40
80 180 179 187
93 98 116 41
11 157 70 111
150 178 101 117
176 22 69 105
45 134 135 190
134 113 53 195
97 179 86 85
43 167 104 96
126 111 54 176
94 119 40 35
85 172 115 45
29 63 179 38
133 10 139 107
153 114 47 23
100 39 161 91
111 31 167 132
109 25 147 117
139 138 97 51
137 161 113 87
65 60 14 167
174 12 108 157
173 194 96 182
113 159 189 147
171 88 62 88
92 169 89 36
70 75 120 34
9 55 68 117
61 192 3 117
51 61 196 64
82 137 49 94
93 190 58 122
129 106 44 162
54 110 62 10
154 89 187 22
106 20 61 68
172 183 93 164
180 27 151 190
119 141 30 88
171 96 97 154
83 119 51 72
174 145 104 175
118 162 157 79
9 143 112 115
120 81 174 102
89 163 97 53
53 64 90 126
122 65 76 183
125 168 179 117
99 147 167 10
24 6 195 180
97 97 69 188
8 153 90 106
129 95 21 47
21 20 112 77
113 131 25 63
148 152 75 82
135 140 55 119
137 83 58 45
114 81 186 130
114 139 30 100
87 134 9 73
167 102 115 51
145 143 75 16
40 161 142 144
195 10 107 28
113 16 99 118
74 153 108 30
48 106 169 42
156 128 77 42
60 91 181 78
158 180 129 93
143 13 112 125
180 148 81 115
95 104 35 173
85 56 154 141
123 101 61 150
86 80 17 16
93 101 9 65
36 60 100 70
152 97 41 113
11 71 107 166
97 37 172 86
117 173 30 98
48 112 165 172
52 50 128 35
133 134 194 183
100 84 76 28
78 68 123 151
13 139 59 199
163 60 195 12
82 112 181 56
85 103 45 198
115 21 145 103
156 127 86 185
174 158 169 43
59 104 122 110
30 180 22 82
162 167 148 59
132 84 35 125
128 57 189 55
69 53 26 17
33 63 140 6
66 61 89 139
162 158 121 45
157 106 131 33
41 193 181 70
132 51 183 99
191 95 165 196
129 188 85 129
63 11 68 100
88 109 9 46
153 56 168 144
58 178 188 175
103 106 169 155
93 73 57 12
113 88 177 136
87 144 64 61
190 147 126 183
149 39 54 134
143 84 50 188
55 98 123 59
62 160 106 197
159 18 136 104
104 165 66 73
86 102 18 4
146 95 46 91
41 68 175 49
103 55 83 146
188 155 186 53
70 113 113 188
146 78 160 18
169 94 39 144
124 141 82 196
48 90 62 187
73 163 80 51
121 97 114 30
32 85 45 160
71 4 69 116
18 199 148 47
172 111 149 17
192 104 114 53
144 78 128 166
130 45 95 82
38 104 130 99
199 86 79 77
61 63 92 15
51 7 5 157
77 159 20 111
174 135 100 114
123 101 146 136
178 44 158 138
141 186 84 101
139 140 185 99
67 183 99 88
146 159 64 191
83 66 45 97
197 35 187 121
124 65 109 138
93 61 10 33
139 56 59 20
156 140 150 51
96 74 35 102
165 36 158 165
129 125 160 36
124 102 60 159
57 88 21 10
88 18 22 91
127 38 16 45
91 122 147 165
112 38 153 2
36 95 104 95
120 36 192 12
99 77 198 114
83 140 17 180
96 72 161 111
83 143 107 62
98 169 53 190
66 86 163 199
83 125 5 73
49 75 118 114
93 79 35 20
5 111 133 118
105 130 33 76
148 35 107 99
83 155 83 12
151 1 181 93
48 136 151 198
107 162 59 118
30 16 78 50
91 155 125 104
97 60 15 153
125 71 30 52
9 56 68 116
187 112 192 31
182 170 91 176
110 194 5 163
103 118 101 64
135 102 78 42
77 153 155 121
99 89 38 124
123 101 100 37
3 197 46 68
16 115 21 168
29 113 73 59
72 12 95 54
160 64 137 185
68 33 95 88
128 195 186 80
110 41 131 124
79 114 38 177
153 28 172 108
172 113 54 90
148 116 106 196
170 47 122 116
86 74 165 82
56 70 38 138
172 69 68 81
4 77 21 143
96 55 189 48
37 111 6 178
67 155 125 138
198 13 176 59
31 94 147 122
69 45 13 76
81 107 189 97
148 70 163 160
147 76 21 77
25 192 36 73
84 92 135 65
154 92 69 71
180 96 159 28
95 48 39 18
166 167 94 47
187 103 138 79
114 46 187 78
80 149 173 34
123 156 93 109
181 105 38 139
139 73 150 129
11 122 112 143
39 32 68 79
186 13 95 109
127 140 59 101
65 80 118 92
137 142 198 85
181 10 27 182
120 174 161 123
85 37 106 134
93 52 44 105
100 94 33 53
103 159 145 92
82 56 4 37
77 146 40 41
138 92 197 126
144 64 155 147
74 84 28 26
79 147 22 156
123 116 188 108
78 167 30 179
24 131 31 59
18 81 9 143
160 93 59 90
54 46 1 77
49 21 71 131
158 116 171 46
121 122 190 97
40 31 92 59
65 102 141 105
114 44 170 64
134 148 133 63
68 67 101 150
143 97 27 38
