24 138 64 21
133 46 64 22
18 180 64 23
69 41 65 23
167 140 17 109
7 110 150 174
142 162 150 175
36 55 142 170
151 12 143 171
176 0 131 126
81 15 168 153
50 193 168 154
177 159 168 155
95 18 169 156
165 190 189 76
112 39 190 75
36 122 191 76
135 44 192 75
6 5 193 76
197 118 193 77
88 28 30 137
7 144 174 198
115 190 54 52
174 190 72 117
192 175 114 79
199 108 79 7
21 71 74 38
172 193 75 39
49 31 75 40
185 142 50 92
40 48 50 93
184 188 51 94
157 7 50 21
9 73 51 21
193 74 93 8
4 98 94 8
73 166 95 9
186 29 96 80
18 135 97 81
4 199 112 142
10 6 113 142
176 101 114 142
123 133 100 4
7 194 100 5
8 38 114 144
182 13 114 145
9 193 114 146
91 61 114 147
157 199 180 125
12 72 180 126
146 130 180 127
120 190 123 11
101 3 124 11
25 167 125 11
114 37 156 161
40 144 156 162
167 11 156 163
26 194 157 162
82 22 33 142
53 178 34 143
14 125 100 62
50 147 126 67
178 65 127 68
6 60 128 68
196 168 129 68
41 73 67 191
161 194 68 192
2 77 168 125
171 9 65 82
30 144 66 82
193 173 98 95
199 9 107 30
182 170 54 81
171 169 98 59
158 9 152 141
38 15 78 28
195 137 78 29
25 29 79 28
100 122 197 80
15 7 198 81
181 143 198 82
43 189 57 34
177 171 62 73
172 19 18 11
26 162 18 12
142 134 19 13
2 183 19 14
137 130 5 126
80 5 30 113
108 3 52 128
199 104 53 129
8 127 53 130
98 14 53 131
173 123 126 105
18 9 126 106
180 190 126 107
167 150 33 177
158 90 56 1
39 51 56 2
179 89 56 3
27 187 159 126
167 86 159 127
116 7 9 183
72 188 121 49
55 160 91 18
13 0 91 19
53 174 92 20
143 95 92 21
138 62 199 140
10 163 198 139
181 136 34 110
23 9 95 114
83 53 144 187
188 150 145 187
35 148 106 62
71 189 188 75
73 56 188 76
174 171 188 77
74 26 188 78
3 92 178 149
13 190 179 149
135 20 180 150
178 28 115 98
95 195 116 99
126 51 167 179
36 177 168 180
134 63 168 181
120 199 169 181
169 18 71 63
25 174 70 64
166 33 70 65
41 186 89 66
186 132 21 61
183 4 148 169
75 196 148 170
199 42 45 74
36 119 45 75
170 192 45 76
194 2 45 77
180 172 45 78
8 15 46 77
156 96 47 78
3 39 97 13
165 171 98 14
5 70 99 15
156 144 100 14
37 58 101 15
128 17 66 124
53 116 67 125
180 35 68 126
123 148 69 125
101 9 97 171
96 176 97 172
187 185 65 146
31 11 176 54
150 35 177 54
25 156 178 54
173 25 179 55
16 45 179 56
155 141 73 64
198 135 134 177
0 83 135 178
147 30 114 141
57 139 115 142
197 77 116 143
183 45 80 110
27 131 80 111
190 29 81 112
66 1 122 58
173 189 123 58
4 79 170 131
60 195 190 86
164 159 166 194
17 10 166 195
48 181 194 138
162 49 195 139
60 129 195 140
186 165 195 141
3 53 195 142
36 14 4 123
135 181 4 124
148 14 163 180
198 155 163 181
174 80 13 25
9 168 14 25
26 78 119 185
196 18 103 132
0 22 165 135
30 92 165 136
177 188 165 137
77 41 165 138
177 9 131 139
165 167 105 106
70 31 106 107
176 156 58 67
21 76 59 66
10 54 38 195
8 141 81 19
63 180 65 25
176 105 66 24
24 3 67 25
17 82 68 24
178 187 69 24
12 40 147 108
196 129 38 129
99 22 38 130
159 157 38 131
170 153 144 135
3 4 144 136
160 13 38 62
53 124 173 177
160 21 173 178
6 188 80 169
197 103 80 170
38 75 81 170
61 164 165 141
197 61 166 141
55 177 167 140
172 64 90 176
175 67 3 79
17 52 161 107
9 148 58 30
180 86 58 31
86 51 58 32
180 198 58 33
73 35 58 34
151 196 58 35
23 23 58 36
138 172 58 37
40 17 94 87
2 199 94 88
84 112 95 89
174 185 96 90
18 142 97 91
51 178 153 71
172 11 145 178
9 182 181 136
178 81 181 137
48 168 181 138
167 167 181 139
13 19 164 31
9 36 78 162
60 171 78 163
155 94 26 62
54 17 26 63
127 124 26 64
8 33 27 64
27 199 147 145
141 63 6 127
158 135 9 89
169 16 96 116
68 137 97 117
11 74 50 179
185 152 51 180
10 11 105 132
31 167 96 113
192 28 96 114
171 193 97 114
185 84 36 50
28 193 36 51
18 84 96 187
139 26 96 188
104 155 96 189
179 34 37 105
44 163 37 106
97 0 37 107
19 79 38 106
173 157 39 107
17 93 39 108
166 144 111 7
24 43 112 8
16 24 10 176
191 184 9 175
82 17 8 174
78 69 152 183
194 160 153 184
67 3 153 185
189 8 7 53
6 160 7 54
179 132 86 46
29 192 43 82
130 22 44 83
0 139 47 121
183 9 48 122
70 46 195 49
182 185 196 50
129 50 196 51
193 179 108 176
168 18 69 148
64 198 70 147
175 195 69 99
90 58 69 100
45 171 68 59
191 20 69 58
112 161 70 59
197 176 128 45
18 55 129 46
82 161 167 39
165 115 167 40
189 184 69 129
105 36 3 120
89 2 139 116
38 14 60 100
62 71 192 161
138 20 193 162
184 152 32 190
25 78 120 146
183 40 37 117
192 89 68 163
15 137 68 164
182 160 68 165
9 22 68 166
25 121 162 100
184 6 178 103
66 199 178 104
18 65 166 140
154 89 66 165
46 4 22 20
167 172 22 21
23 179 22 22
191 88 22 23
158 152 130 46
24 11 131 45
41 198 132 46
199 14 133 47
12 162 134 48
24 19 146 72
173 102 147 73
23 76 147 74
29 39 165 43
10 104 171 158
175 9 51 62
159 160 51 63
150 16 145 125
33 195 146 126
0 123 186 127
174 182 187 126
83 123 135 3
188 34 135 4
143 159 136 5
17 15 136 6
170 78 37 132
9 172 123 68
127 186 83 34
151 198 116 12
151 24 71 130
97 188 72 131
98 145 95 36
0 10 96 37
137 181 96 38
156 26 69 98
141 189 70 97
112 5 185 74
169 92 14 93
191 161 64 193
91 158 57 72
16 12 58 71
35 73 160 26
190 93 161 25
3 128 162 25
163 125 163 26
41 154 112 34
189 41 154 149
192 182 3 134
39 178 132 166
180 80 132 167
12 119 111 153
193 92 111 154
66 183 112 155
193 39 112 156
31 186 142 115
15 1 167 5
194 176 168 6
37 173 169 7
187 30 60 73
68 125 60 74
36 182 73 63
128 165 9 47
143 182 144 79
20 25 144 80
184 7 102 90
176 176 102 91
61 10 103 92
188 12 172 120
120 126 23 43
78 52 186 28
199 154 61 199
18 56 61 198
199 162 62 197
166 18 63 197
190 183 186 51
53 56 94 155
152 10 26 77
80 42 162 124
57 191 135 184
184 53 135 185
184 33 32 48
34 117 32 49
90 1 32 50
185 199 155 66
81 194 155 100
111 196 70 6
11 36 71 7
198 136 72 7
46 41 158 88
152 147 56 169
1 27 57 170
199 51 57 171
142 193 82 190
168 36 38 86
198 157 38 87
56 102 38 88
187 22 39 89
28 171 176 61
46 3 109 155
181 167 70 156
69 25 70 157
188 163 148 27
43 141 181 173
179 1 182 172
187 129 166 36
22 186 75 152
180 77 75 153
52 197 167 91
144 196 156 11
125 2 156 12
199 198 156 13
34 198 157 14
178 47 157 15
24 77 157 16
138 159 157 17
25 14 157 18
199 178 157 19
30 46 158 18
192 110 19 155
52 177 19 156
25 56 199 41
50 190 199 42
162 64 198 42
21 183 197 41
5 144 91 74
112 31 92 75
175 73 142 184
184 98 48 135
149 133 35 46
26 22 107 76
68 188 108 76
187 60 109 77
10 198 160 167
103 63 161 168
104 9 158 152
149 40 24 2
117 193 24 3
183 111 110 39
8 99 110 40
170 147 111 41
184 96 43 52
14 19 43 53
20 43 91 152
197 102 91 153
15 161 92 154
199 174 181 64
184 8 139 19
77 181 139 20
4 138 124 109
148 29 124 110
38 169 124 111
10 35 76 69
173 166 77 69
63 141 192 95
192 160 128 38
11 40 183 19
182 189 184 19
13 92 184 18
162 141 185 17
155 176 63 162
45 24 63 163
193 52 63 164
44 161 64 165
145 127 8 60
59 3 8 61
1 169 9 62
79 34 9 63
3 33 159 16
124 127 160 17
188 112 73 4
196 186 122 177
31 36 122 178
40 88 145 168
8 138 153 25
85 28 154 26
11 175 155 27
2 146 140 70
40 21 140 71
33 194 140 72
185 6 39 159
119 156 40 160
81 1 41 161
179 51 46 56
3 16 47 56
13 170 48 57
123 74 48 58
2 17 48 59
182 63 48 60
13 176 138 156
178 88 138 157
162 29 117 130
26 88 117 131
191 39 117 132
166 183 118 133
32 111 119 134
199 123 194 11
21 31 194 12
158 91 195 13
112 1 78 51
22 171 78 52
58 10 79 53
41 28 48 165
171 173 48 166
20 190 98 162
113 55 99 163
42 103 177 17
196 44 93 32
95 165 93 33
144 130 13 92
15 14 14 91
67 153 159 36
99 183 8 86
10 43 8 87
149 164 3 163
27 63 4 164
24 25 165 152
154 187 166 153
8 84 49 26
190 199 49 27
150 33 75 173
188 18 49 112
189 124 80 177
26 188 80 66
64 182 88 82
186 47 88 83
25 129 51 20
179 16 52 21
188 0 184 106
43 84 185 105
195 76 186 106
98 186 186 107
45 51 187 107
189 17 168 118
65 147 168 119
45 178 182 66
162 38 183 67
52 187 50 23
137 1 51 23
23 33 52 24
60 66 6 177
55 57 166 8
149 182 166 9
65 163 151 60
189 181 64 133
160 53 71 172
89 136 71 173
26 1 72 174
125 182 73 174
121 191 190 148
187 80 60 176
25 151 177 142
171 61 109 150
35 172 109 151
56 37 158 133
32 165 42 22
52 3 152 53
23 102 168 143
190 175 193 9
41 15 194 9
162 23 84 103
27 119 85 104
165 106 6 150
177 120 89 194
2 70 90 195
2 57 40 72
159 178 41 73
40 96 42 72
108 10 64 99
167 184 64 100
63 19 5 120
5 115 125 41
63 24 162 67
185 127 162 68
37 155 162 69
157 48 162 70
131 182 163 70
189 125 155 39
195 88 11 2
66 3 12 3
9 78 141 41
181 63 141 42
76 29 170 138
22 134 171 139
140 50 171 140
30 13 171 141
154 46 150 130
45 192 151 131
138 9 127 126
160 196 127 127
167 92 79 106
10 185 79 107
89 31 106 155
129 191 106 156
134 127 10 38
74 13 1 126
142 10 20 125
45 106 177 64
12 199 104 108
130 56 104 109
59 158 132 16
182 16 148 105
26 190 148 106
131 141 72 27
87 175 47 58
188 33 46 59
196 128 143 87
199 69 26 100
32 191 143 59
122 10 119 83
32 195 120 83
122 34 121 84
33 181 174 106
23 138 134 197
156 1 135 198
142 195 177 6
4 17 178 6
151 108 179 7
39 41 158 121
177 59 159 121
1 182 160 122
10 15 132 50
122 156 133 50
75 43 134 51
69 52 112 136
153 192 113 136
76 76 114 137
188 162 115 136
15 78 116 137
169 124 116 138
116 94 42 177
17 199 43 178
188 60 44 179
107 161 25 44
115 17 26 112
36 180 26 113
195 189 75 165
116 32 75 166
51 47 127 129
192 138 138 85
30 10 139 86
32 15 128 95
166 165 76 1
22 132 191 102
154 8 182 46
15 191 183 47
118 184 183 48
21 32 184 49
177 58 80 91
41 175 81 91
156 113 22 85
72 20 22 86
59 172 22 87
86 4 22 88
74 189 91 21
11 193 96 36
8 108 111 150
148 192 112 151
19 75 113 152
89 181 79 5
142 59 80 167
24 159 81 168
5 181 123 198
131 29 124 199
194 195 12 134
115 171 92 14
158 15 194 86
19 173 194 87
6 32 65 167
10 197 149 192
189 158 78 185
159 145 69 32
53 60 70 33
198 193 67 188
145 40 84 161
9 109 84 162
62 171 173 183
156 48 173 184
74 195 173 185
104 186 175 86
140 105 95 12
14 26 96 13
8 42 151 83
163 66 79 135
9 155 79 136
43 42 7 119
187 43 139 194
121 153 40 196
195 8 40 197
73 99 40 198
6 180 93 47
166 83 55 53
35 176 0 55
38 194 120 158
168 93 119 157
28 0 119 158
19 150 115 81
189 68 115 82
14 36 86 100
177 199 87 101
68 9 87 102
23 190 19 54
183 49 98 166
3 176 115 122
5 25 184 139
137 194 66 35
132 42 67 36
189 21 36 63
69 141 37 64
2 71 20 199
132 181 74 54
94 14 75 54
196 102 26 117
45 169 26 118
4 130 186 190
66 133 39 23
186 9 40 23
16 132 79 55
160 18 80 56
188 118 73 23
90 46 74 24
198 152 74 25
6 113 74 26
184 72 90 74
25 196 90 75
161 37 90 76
191 21 75 117
43 17 92 185
120 3 42 31
64 176 42 32
131 16 49 176
111 189 23 118
173 0 23 119
159 158 10 79
26 80 10 80
111 184 10 81
190 191 44 197
4 59 45 196
80 193 46 197
174 57 95 77
16 150 96 78
2 134 125 136
44 9 179 60
185 151 180 61
3 58 181 62
28 195 67 47
41 38 154 64
190 133 153 63
3 8 96 136
136 125 96 137
149 42 27 21
10 157 28 22
56 33 28 23
125 5 61 90
191 130 28 121
4 163 28 120
195 55 95 157
111 28 135 133
185 60 58 89
75 191 59 89
50 181 72 79
182 38 72 80
14 76 177 170
167 196 10 63
169 79 72 51
2 179 73 52
198 16 90 138
48 3 162 111
184 174 162 112
44 34 162 113
122 182 23 32
158 45 106 179
58 4 123 193
188 188 123 194
85 65 123 195
142 166 123 196
23 165 91 33
196 40 92 33
38 124 140 8
5 193 149 154
41 49 150 155
11 69 106 150
146 169 106 151
168 195 83 133
38 78 84 134
21 1 29 169
3 173 29 170
177 163 30 171
151 2 10 7
7 112 10 6
167 156 5 181
152 97 36 48
63 185 37 49
55 9 37 50
192 32 35 122
156 55 95 129
20 154 96 130
77 4 172 146
37 29 134 110
193 53 164 160
6 146 164 161
19 199 80 31
133 37 80 32
8 24 119 154
180 144 91 9
73 46 91 10
118 69 86 190
97 163 194 71
160 80 61 59
58 191 62 59
138 4 63 59
145 44 60 120
35 190 61 121
197 86 61 122
149 197 175 135
1 18 175 136
147 1 46 157
117 122 92 199
4 2 91 198
25 191 91 199
51 15 90 198
75 189 63 54
187 197 65 41
146 75 65 42
112 2 189 117
116 162 176 69
60 14 177 70
192 61 196 178
2 87 121 117
185 140 121 118
196 31 78 121
0 179 79 121
191 98 80 121
32 22 81 122
86 164 82 123
191 57 63 39
75 139 64 38
3 105 169 114
161 181 170 115
198 9 163 111
87 157 164 112
153 194 115 77
171 25 116 78
11 115 152 144
4 136 47 52
143 73 48 53
121 198 14 97
157 65 14 98
2 115 14 99
142 89 14 100
7 19 115 141
134 22 116 142
0 136 117 142
152 149 12 171
71 42 13 171
166 171 137 68
42 164 90 10
176 4 193 59
24 196 194 59
12 128 191 169
11 154 33 1
147 136 33 2
193 147 41 60
163 185 70 66
34 150 70 67
129 43 70 68
20 17 6 146
170 150 7 146
151 29 8 147
97 152 83 71
194 16 83 70
85 140 171 97
183 35 171 98
167 0 155 62
5 185 156 63
63 40 136 164
169 89 45 31
4 196 29 69
155 42 86 83
51 159 87 84
164 137 133 45
0 21 133 46
159 71 132 45
199 195 131 44
44 101 132 43
154 57 133 42
112 195 134 43
168 74 135 44
138 33 56 141
110 153 56 142
179 38 56 143
6 130 111 114
199 15 112 114
134 160 113 115
191 66 13 15
59 167 14 15
11 78 154 163
42 11 114 52
128 166 115 53
171 2 168 134
9 190 167 135
124 30 89 151
61 46 154 199
109 27 68 146
198 124 68 147
23 188 69 146
132 53 41 178
190 106 18 29
26 67 19 29
23 93 173 41
176 182 8 157
184 48 173 173
77 188 174 174
182 23 70 60
153 41 61 137
196 110 42 160
37 16 109 89
176 171 108 88
39 160 181 101
32 37 143 1
161 165 142 1
86 9 142 2
71 114 36 12
193 197 37 12
106 181 153 94
159 4 153 93
76 119 198 80
177 192 199 81
16 22 199 82
189 146 65 47
35 182 66 48
2 189 197 145
12 18 73 46
183 182 74 46
2 23 75 47
79 16 89 152
7 196 89 153
185 96 84 121
174 132 35 134
40 32 36 135
186 196 67 138
6 148 67 139
183 14 33 56
42 197 33 57
9 160 65 199
143 37 66 199
25 22 67 199
191 91 68 198
71 47 69 199
180 147 70 199
2 3 161 102
124 180 193 24
103 24 194 25
192 162 194 26
130 3 195 27
15 172 195 28
143 197 182 20
75 55 171 58
193 189 171 59
69 182 140 26
142 28 140 27
118 164 53 91
51 7 54 92
37 182 103 149
185 43 103 150
3 177 140 85
193 123 141 86
89 41 154 167
195 181 78 177
85 179 116 43
124 52 74 185
62 1 59 174
107 166 36 34
20 38 37 35
126 14 188 73
18 192 188 74
75 16 14 76
140 167 14 77
54 171 191 189
38 11 191 190
182 173 191 191
1 160 192 192
79 87 192 193
190 19 192 194
96 157 192 195
8 50 113 153
6 46 119 8
129 175 120 9
157 22 121 10
196 192 169 34
175 183 83 62
163 8 89 101
5 73 90 102
59 176 46 152
193 7 47 153
39 70 47 154
173 73 48 155
10 178 48 156
134 28 48 157
13 87 48 158
23 49 121 113
181 199 173 142
1 19 173 143
182 151 173 144
107 47 173 145
12 39 69 121
59 37 175 81
160 194 141 44
6 10 141 45
58 157 141 46
17 173 147 66
27 3 147 67
191 143 148 68
22 77 149 69
39 8 27 197
112 187 28 198
187 24 87 175
161 40 75 6
2 198 75 7
98 1 117 64
5 194 118 65
149 20 119 66
130 128 35 112
0 40 36 113
27 163 184 167
124 39 193 155
32 160 179 151
172 17 112 117
64 135 112 118
14 164 6 22
185 195 53 95
76 178 53 96
40 107 160 56
184 197 7 78
36 103 7 79
33 72 197 10
172 33 194 194
37 32 62 111
171 187 63 111
20 8 64 112
170 11 158 114
8 75 132 63
170 176 94 143
40 2 95 143
107 101 96 142
138 32 17 4
43 120 126 43
176 111 81 124
14 191 81 125
144 16 82 126
199 22 146 175
133 179 15 141
19 4 109 6
192 153 109 7
125 26 109 8
58 187 129 135
175 30 130 135
33 88 158 124
196 169 129 93
29 187 129 94
50 53 130 95
174 197 130 96
169 8 51 171
53 189 51 172
151 144 70 70
190 8 70 71
177 165 71 70
41 197 72 71
136 23 73 71
14 182 156 119
49 40 156 120
105 191 157 121
10 140 157 122
179 62 157 123
61 158 157 124
153 60 156 123
174 18 66 107
7 7 28 152
186 59 28 153
82 7 178 90
35 2 132 127
26 153 183 100
10 165 169 180
91 4 170 181
129 185 92 123
32 7 93 124
47 170 56 49
145 1 56 50
41 67 152 146
72 3 179 112
190 92 104 177
90 189 60 69
198 47 61 70
30 70 106 184
100 184 11 106
15 32 11 107
1 131 114 197
72 8 114 198
32 196 114 199
165 19 115 199
163 170 116 199
13 32 117 199
196 71 36 29
38 173 36 30
33 37 36 31
154 138 36 32
169 169 36 103
197 106 111 9
191 10 164 166
31 151 164 167
134 41 164 168
194 60 47 162
66 50 11 138
0 42 98 22
113 147 98 23
194 133 33 189
129 133 12 51
198 106 145 21
45 163 145 22
178 53 43 33
54 105 156 181
1 51 183 52
150 180 184 53
82 10 140 163
129 186 174 57
8 19 174 58
94 9 45 119
176 14 39 102
43 87 40 103
192 183 137 95
77 44 138 96
48 134 101 57
194 52 102 56
114 25 61 151
48 132 61 152
38 133 129 66
29 175 150 47
161 90 12 133
2 112 13 132
167 129 14 133
54 41 155 190
158 141 124 30
31 45 159 77
194 30 190 109
198 179 152 156
19 84 153 157
169 165 153 158
179 64 153 159
42 152 153 160
163 16 153 161
87 181 190 99
122 25 191 100
11 9 51 118
31 51 131 165
119 171 131 166
184 55 130 167
4 183 130 168
176 7 130 169
75 195 93 64
4 62 130 33
194 4 130 32
191 167 131 31
73 41 132 31
9 37 94 112
99 181 95 113
17 9 95 112
161 3 131 158
18 132 132 159
151 179 38 163
8 20 39 164
183 144 39 165
35 25 39 166
127 185 39 167
167 125 32 56
1 97 32 57
122 196 160 85
89 43 161 84
156 168 162 83
186 15 163 83
166 82 59 46
123 56 1 100
140 177 0 61
156 30 42 34
28 117 43 34
118 15 44 35
41 65 155 172
174 12 69 180
4 121 70 179
62 183 125 60
145 71 126 60
14 129 127 60
170 101 35 106
165 186 46 80
148 34 46 81
153 175 73 148
5 135 43 36
59 20 114 185
165 142 114 186
5 37 65 186
183 21 134 171
58 175 135 172
189 105 135 173
116 21 136 174
2 184 136 175
164 10 57 50
15 188 57 51
8 119 155 148
32 126 147 62
179 109 17 162
62 2 17 163
152 150 18 164
89 47 18 165
17 154 18 166
10 9 19 166
85 49 157 195
60 12 133 78
129 193 134 79
34 166 81 87
29 189 49 192
162 7 49 193
182 81 49 194
7 173 49 195
93 199 153 46
48 143 151 193
150 12 151 194
186 163 118 89
8 103 118 90
144 6 37 61
12 139 36 62
186 78 37 63
165 34 114 47
14 186 114 48
39 14 103 51
185 190 103 52
153 22 56 156
11 10 56 157
116 187 57 158
196 160 90 15
158 16 90 16
186 189 90 17
183 153 163 42
5 93 164 41
179 117 46 182
41 170 46 183
70 13 46 184
9 138 46 185
2 107 121 25
184 198 121 26
190 118 9 173
86 88 141 6
191 1 142 6
47 106 143 7
39 157 96 172
196 6 97 173
64 187 97 174
84 124 3 66
196 111 86 20
127 28 86 21
198 196 87 22
143 174 154 74
20 18 155 75
95 139 155 76
189 51 68 87
171 145 71 78
10 74 70 77
174 89 71 140
28 56 70 140
186 194 69 139
23 191 177 112
124 145 177 113
66 9 177 114
30 148 50 195
198 154 144 23
99 7 179 96
90 191 180 95
22 175 131 73
7 1 93 93
156 121 93 94
29 48 115 169
172 142 115 170
158 34 74 118
55 189 74 119
53 3 4 60
130 181 4 61
19 135 90 87
165 0 90 88
8 120 118 51
43 3 118 52
98 195 118 53
18 40 118 54
5 28 57 169
158 46 135 192
22 95 136 193
184 44 137 194
44 17 137 193
46 153 129 159
178 16 129 160
85 195 95 24
45 195 188 132
172 57 65 119
52 151 65 120
117 181 152 4
11 13 138 17
137 146 139 18
94 198 124 27
55 182 66 11
155 102 66 12
14 176 36 87
101 36 36 88
2 10 36 89
187 91 36 90
11 188 36 91
154 71 36 92
50 1 94 147
24 18 68 96
130 123 69 95
100 157 162 72
12 11 163 73
149 160 163 74
31 54 87 7
30 69 176 105
14 161 160 152
198 107 159 151
44 187 141 162
169 193 107 25
177 7 107 26
173 104 8 126
195 71 50 144
141 181 50 145
157 84 13 50
23 12 13 51
135 31 113 122
80 196 113 123
49 16 190 63
96 144 191 64
2 144 150 106
158 182 23 104
101 28 23 105
9 86 138 196
169 107 98 50
24 6 98 51
178 101 98 52
152 18 113 186
58 102 197 158
43 137 199 168
180 16 127 136
101 152 128 137
11 63 128 138
80 171 128 139
170 171 139 55
8 109 156 64
93 168 0 141
12 26 0 142
178 157 1 142
20 57 129 128
53 53 199 51
193 157 199 50
2 25 132 107
180 4 133 108
87 145 133 109
1 72 69 118
125 193 69 119
94 10 70 120
5 156 70 121
188 26 70 122
34 132 71 123
112 66 27 199
197 193 76 90
65 110 76 91
89 187 4 15
124 171 159 38
41 189 121 130
90 3 122 131
36 163 122 132
195 145 122 133
28 34 122 134
192 100 84 4
27 122 120 177
199 177 120 178
15 125 179 87
73 80 184 5
156 5 184 6
45 190 184 7
131 101 184 8
31 25 184 9
169 139 184 10
167 160 74 176
55 24 166 5
167 110 165 4
147 196 91 89
37 54 91 90
173 52 109 59
26 189 109 60
141 188 174 36
2 182 174 37
174 167 174 38
28 128 135 66
151 71 136 66
173 108 21 114
70 22 21 115
151 154 121 5
192 30 79 19
70 162 80 19
42 54 86 178
163 11 86 179
52 76 87 180
102 144 9 198
193 5 10 199
21 111 11 199
44 158 69 5
45 4 69 6
156 130 69 7
182 192 10 70
59 61 11 70
191 105 43 99
29 2 44 99
178 194 144 196
18 14 145 197
190 119 146 198
188 138 8 85
129 8 153 146
25 173 153 147
197 199 131 160
28 74 131 161
163 9 61 77
8 63 61 78
111 171 62 79
73 5 118 96
162 163 119 97
33 12 143 90
140 82 144 91
63 186 145 92
166 94 145 93
5 165 32 90
146 37 32 91
142 181 33 92
159 11 34 92
22 54 35 93
135 12 36 94
74 158 37 95
57 0 34 163
3 195 35 164
152 86 35 165
132 187 144 109
12 65 145 110
7 125 105 59
175 48 57 131
90 117 57 132
185 97 30 144
53 128 172 115
154 12 172 116
61 111 172 117
77 176 134 53
66 196 4 31
176 187 110 118
38 76 110 119
147 191 128 25
146 21 59 61
174 149 6 194
184 76 57 193
9 145 119 199
95 28 120 199
48 191 121 198
160 96 43 42
13 156 44 43
161 86 107 190
166 96 11 78
55 149 188 190
21 178 114 184
155 13 115 185
56 57 9 150
55 141 78 8
180 19 146 154
41 26 150 35
192 67 87 189
161 153 64 120
14 9 65 121
26 43 164 22
195 175 164 23
157 114 49 4
20 13 49 5
192 76 49 6
4 119 111 87
177 179 17 112
174 64 77 130
84 191 78 131
176 13 45 137
100 82 46 137
21 197 124 99
55 11 189 98
39 46 175 141
180 193 167 164
5 35 168 164
175 50 169 165
152 20 95 49
48 197 95 50
28 126 135 90
173 85 135 91
35 24 170 140
19 158 80 61
76 15 81 62
163 133 81 63
75 85 81 64
94 194 186 169
36 35 186 170
181 31 37 7
27 11 37 8
171 19 29 95
38 182 130 70
104 178 3 94
124 97 58 177
8 16 59 177
50 180 60 177
36 175 196 135
4 8 196 136
123 182 195 198
13 26 196 199
145 190 92 114
194 37 92 115
196 124 29 133
71 174 78 11
138 11 78 12
47 135 79 12
60 101 183 66
184 13 184 67
24 140 136 90
185 106 137 90
105 4 162 93
148 161 163 93
189 154 160 55
55 14 161 56
80 18 127 191
118 7 81 159
199 113 81 160
15 24 81 161
170 22 91 103
176 12 22 46
65 148 23 47
166 6 53 109
171 174 99 60
161 9 92 142
32 92 92 143
99 194 176 64
172 22 177 65
85 162 178 65
165 189 151 85
37 62 151 86
72 59 146 165
113 167 78 135
4 10 77 136
150 11 98 164
19 39 17 152
143 3 48 83
38 141 48 84
171 29 199 157
0 184 121 82
181 15 121 83
35 28 18 186
54 61 107 199
166 174 108 199
147 78 7 61
5 190 7 62
150 41 7 63
17 134 8 64
194 188 138 61
192 152 15 170
164 45 45 163
185 85 115 95
6 192 116 96
140 190 177 37
122 26 79 143
54 177 79 144
21 2 111 96
198 22 111 97
131 5 100 49
11 165 100 50
56 28 149 13
194 125 149 14
32 140 149 15
181 5 72 136
191 179 129 89
42 109 129 90
137 173 170 114
162 33 57 19
162 194 49 39
180 50 113 183
18 140 140 129
190 30 140 130
54 193 140 131
185 1 141 131
40 152 29 11
53 27 173 126
188 69 174 127
12 168 174 128
93 15 174 129
186 79 39 179
14 163 40 179
191 34 52 84
11 147 147 52
145 166 102 36
1 76 103 35
31 46 159 11
187 115 85 44
22 12 86 43
33 36 150 45
196 99 151 46
12 140 152 47
25 168 94 107
159 1 24 170
128 145 69 56
45 33 69 57
196 26 112 78
69 70 194 177
148 197 195 177
25 18 196 176
52 101 184 144
197 48 184 145
17 190 184 146
155 98 184 147
184 20 39 45
76 167 128 5
24 1 44 131
71 170 44 132
144 43 45 133
46 142 46 134
66 186 172 131
10 150 116 136
13 127 167 36
151 197 157 55
177 31 157 56
132 74 7 41
62 185 8 42
135 193 193 50
107 10 16 69
198 147 16 70
170 108 71 188
93 3 71 189
94 43 153 88
197 188 154 89
46 95 154 90
58 3 86 134
3 54 198 31
199 62 199 32
2 6 199 33
186 124 125 35
61 108 188 6
194 94 188 7
27 198 23 114
99 1 22 113
106 189 22 114
36 22 22 115
168 178 68 74
14 131 92 136
199 60 92 137
10 1 10 89
73 186 141 69
131 196 47 101
86 15 172 137
62 15 139 185
98 190 67 102
27 13 68 103
189 126 26 105
25 15 172 84
149 187 173 85
64 39 173 86
146 100 173 87
0 133 79 16
145 28 67 66
11 139 68 66
180 27 100 83
12 142 101 84
48 67 97 166
195 124 97 165
162 5 73 180
15 163 74 180
134 30 63 177
47 103 63 178
5 108 75 9
12 108 105 151
174 71 105 152
34 157 106 153
60 183 144 111
178 124 144 112
51 169 144 113
162 1 145 113
118 178 175 63
67 189 164 96
85 188 116 98
162 184 122 66
71 191 8 107
92 5 8 108
60 137 8 109
144 185 90 65
26 59 90 66
140 194 90 67
41 119 145 146
183 34 146 145
45 179 147 146
34 75 159 93
184 128 160 92
69 27 161 93
192 150 161 92
18 37 161 91
40 3 178 14
194 151 178 15
140 11 171 156
15 110 93 173
190 28 93 174
146 199 93 175
11 8 51 148
185 35 51 149
7 168 51 150
14 16 52 151
125 191 61 84
21 64 61 85
120 188 61 86
167 195 123 138
13 103 123 139
105 3 123 140
160 109 27 46
14 149 95 62
179 48 95 63
169 91 131 163
38 1 132 162
163 141 133 163
35 107 125 155
40 30 165 98
94 187 165 99
165 197 35 42
47 0 91 133
198 76 72 44
30 193 72 45
159 110 72 46
11 176 71 45
51 8 47 166
49 122 181 184
52 179 54 60
169 6 54 61
42 167 31 50
180 81 31 51
57 112 119 180
156 175 138 28
82 38 138 29
173 27 23 3
34 151 189 130
131 18 189 131
118 181 189 132
181 57 190 133
49 180 169 132
6 8 169 131
111 115 170 130
174 142 100 168
32 41 101 169
4 21 118 129
187 69 134 169
42 117 135 170
16 196 158 62
195 156 159 62
46 109 160 61
29 17 135 84
118 180 135 85
94 6 115 131
2 177 115 132
33 183 93 57
73 89 178 193
42 91 154 132
163 186 155 132
11 48 156 133
189 69 106 17
141 170 24 109
24 10 24 110
3 197 65 1
76 7 65 2
189 147 85 182
75 37 169 4
174 192 169 5
158 175 45 113
44 5 46 114
166 60 42 181
97 26 52 168
15 168 53 169
102 38 54 170
18 175 133 187
164 43 14 129
146 135 15 130
15 15 78 93
189 180 79 94
100 8 161 119
181 110 162 120
31 192 69 70
154 65 70 69
77 9 69 68
127 181 68 68
4 5 93 122
178 55 62 141
63 195 63 141
177 56 64 86
18 190 64 87
167 22 59 76
4 161 59 77
159 40 59 78
117 196 97 36
44 32 98 37
161 191 98 38
36 41 98 39
47 190 40 75
179 26 41 76
178 8 53 128
81 25 95 187
12 129 138 14
15 61 43 172
98 185 44 172
184 27 45 172
42 98 46 173
160 57 36 142
120 61 183 163
13 173 183 164
29 87 196 158
20 191 58 48
73 164 6 64
182 56 6 63
44 138 6 62
183 177 6 61
41 183 114 64
192 22 115 65
165 196 54 119
36 116 53 118
197 169 69 111
95 110 69 112
5 3 70 112
184 129 71 112
87 193 28 113
34 53 134 133
159 187 43 157
111 15 43 158
174 181 190 18
114 181 34 144
157 85 53 55
76 25 111 112
156 154 112 113
101 89 59 184
189 63 71 184
184 132 122 41
27 65 122 42
122 198 121 43
41 137 90 72
183 59 91 72
120 156 110 48
23 6 111 49
87 150 111 50
171 41 111 51
1 115 143 63
144 25 160 189
164 133 75 104
8 31 75 105
189 85 27 78
22 136 131 150
152 35 132 151
105 19 50 5
14 194 50 6
124 53 10 87
10 195 156 136
69 35 157 137
19 130 95 33
174 28 95 34
2 190 95 35
186 14 96 35
65 185 97 34
153 2 8 57
162 168 71 147
9 98 162 185
1 146 197 118
185 20 147 139
18 138 147 140
17 145 130 49
137 16 129 50
141 184 129 51
27 37 158 111
122 195 159 112
121 21 151 130
194 178 152 131
62 199 152 132
180 140 153 131
3 91 154 131
117 78 155 130
39 21 32 147
157 146 32 148
10 184 107 105
75 45 151 192
180 21 83 182
8 1 110 31
184 160 110 32
11 26 110 33
145 137 110 34
159 140 62 151
16 61 63 151
173 53 20 99
137 190 188 52
33 58 188 53
14 23 78 95
73 178 79 95
80 178 179 26
6 34 179 27
157 80 179 28
105 199 179 29
183 129 26 75
15 157 140 124
142 53 140 125
9 8 140 126
166 12 38 120
190 127 39 120
82 29 40 120
143 172 14 114
126 26 14 115
46 138 77 90
18 5 37 147
183 165 37 148
102 10 190 81
173 29 130 193
91 130 130 194
18 13 130 195
128 127 130 196
182 194 164 137
12 33 163 136
34 181 164 176
157 107 165 176
77 183 166 176
82 3 18 114
180 102 18 115
193 111 50 8
20 50 167 76
163 172 99 1
20 85 99 2
3 146 163 5
86 195 155 81
17 94 177 53
187 39 178 53
172 183 106 108
3 95 106 109
31 97 169 28
166 186 172 110
10 56 173 111
152 44 124 101
48 188 125 102
4 170 51 89
173 78 52 90
183 155 52 91
20 12 52 92
28 191 114 87
145 18 114 88
25 179 114 89
74 27 114 90
7 139 114 91
61 181 168 62
126 9 168 61
0 168 169 60
10 174 154 179
2 15 33 146
69 175 33 147
153 188 6 33
26 125 161 78
124 198 161 79
170 133 73 77
17 193 74 78
196 47 144 141
12 17 24 185
5 127 164 94
75 1 164 95
35 192 165 96
59 39 99 162
154 21 94 128
180 12 67 12
2 181 68 13
153 101 68 14
29 53 95 142
72 175 167 41
69 2 60 95
123 180 60 96
67 145 193 175
113 0 194 176
80 192 195 176
24 33 196 175
139 171 197 176
127 32 197 177
13 112 198 178
126 183 40 57
148 77 57 26
73 199 92 80
11 24 93 80
40 26 144 38
192 188 145 39
40 134 145 40
159 47 146 41
14 34 147 41
186 11 148 40
116 188 149 41
66 21 98 177
45 159 184 120
126 30 184 121
93 198 184 122
22 26 185 123
196 154 185 124
196 140 78 172
3 72 79 171
143 198 167 34
81 65 167 35
195 134 168 36
37 72 169 37
46 177 169 38
172 31 170 38
22 64 171 37
187 157 172 38
103 17 21 166
13 93 21 167
194 27 22 168
152 111 101 86
2 2 101 87
140 13 180 130
20 71 181 131
198 96 54 49
8 2 125 33
70 174 126 33
28 5 40 168
1 112 198 152
159 179 198 153
153 182 34 165
98 10 86 177
28 197 97 100
148 138 98 101
22 13 123 97
120 56 3 96
197 186 4 97
156 9 83 64
17 159 174 136
180 196 174 137
22 50 175 137
142 155 11 136
12 15 12 137
4 176 13 138
133 17 14 139
142 30 131 152
56 176 131 153
85 45 137 154
53 8 106 178
0 97 141 172
124 178 141 173
53 1 88 117
11 141 88 118
132 56 88 119
152 157 111 176
10 12 111 177
31 143 112 177
177 81 113 178
118 183 113 179
28 18 90 113
125 150 91 112
1 162 24 39
180 20 25 40
0 67 25 41
183 93 25 42
36 196 82 73
182 100 83 74
103 169 63 61
33 6 153 107
148 28 25 108
119 46 57 159
197 181 58 159
109 196 107 54
183 101 24 150
7 23 24 151
16 18 130 81
184 61 144 145
9 197 144 146
113 34 144 147
127 54 48 178
182 199 83 97
106 2 114 135
22 129 114 136
24 58 114 5
92 46 177 131
198 108 177 132
180 119 40 117
44 198 41 117
9 162 45 85
195 117 44 84
57 18 44 85
26 171 152 130
83 35 153 130
145 184 154 130
49 117 155 129
196 63 156 130
196 25 126 30
30 151 126 31
44 68 126 32
182 175 127 33
103 14 83 144
49 188 83 145
164 100 84 146
3 175 84 147
66 33 84 148
159 161 84 149
111 14 85 150
5 162 58 196
181 86 58 197
117 186 1 85
159 66 1 86
196 5 100 152
96 159 199 68
196 3 105 55
172 164 106 56
177 47 66 160
50 0 97 29
182 176 97 30
144 39 42 87
28 190 42 88
132 10 43 88
34 195 13 17
29 0 14 18
121 150 14 19
17 96 81 194
26 15 177 127
198 165 178 128
85 38 15 160
38 18 89 124
147 153 90 125
35 17 128 100
197 11 167 147
24 120 167 148
42 16 167 149
43 63 38 139
176 191 38 140
174 61 60 158
42 193 61 159
191 77 9 156
36 106 9 157
191 177 86 138
3 14 86 139
170 159 80 21
37 22 81 22
31 38 171 86
42 21 109 136
118 157 110 137
33 187 103 32
166 114 104 31
14 50 105 32
36 161 62 117
195 46 63 118
4 37 113 51
8 62 121 149
90 196 121 150
161 128 42 147
65 4 196 174
5 141 139 88
198 39 57 92
18 76 171 53
163 183 172 54
97 72 172 55
70 11 54 115
137 176 55 116
4 140 55 117
27 32 124 116
92 180 124 117
139 112 85 199
7 35 86 199
138 76 87 198
27 2 88 199
69 67 145 29
180 179 146 30
23 196 173 137
190 189 143 26
181 25 143 27
10 196 142 26
29 85 141 119
129 172 141 120
31 124 141 121
188 81 142 122
165 133 49 85
99 31 49 86
147 170 49 87
18 98 50 88
140 193 50 89
119 182 146 16
189 40 147 17
110 174 17 150
34 39 18 149
183 105 19 150
60 27 34 75
182 193 35 76
119 173 147 15
146 188 81 101
170 37 81 102
19 153 82 103
177 194 68 50
71 113 68 51
48 31 181 115
12 189 23 112
123 42 24 111
4 20 25 111
38 24 141 88
55 61 164 147
151 31 124 198
160 168 20 147
20 75 126 28
93 166 95 7
10 85 194 33
170 75 68 137
42 48 115 171
155 115 115 172
42 183 115 173
79 8 178 165
174 104 17 143
92 25 17 144
2 197 17 145
181 2 17 146
132 178 17 147
150 3 17 148
172 79 61 80
18 8 62 80
195 144 63 81
13 120 37 173
172 1 38 173
38 33 197 43
9 10 192 56
186 193 193 55
68 6 194 56
16 74 98 151
1 5 81 94
192 136 82 95
8 115 82 96
8 34 124 114
149 2 84 108
176 44 159 186
48 190 159 187
81 10 159 188
62 155 153 16
180 62 9 84
97 185 9 85
141 1 9 86
74 0 37 135
13 193 37 136
194 28 38 135
84 177 39 136
137 196 89 52
199 10 89 53
15 94 90 54
110 10 90 55
48 195 91 56
184 159 91 57
180 42 84 91
20 155 85 92
162 165 95 98
13 30 94 97
17 187 78 174
149 39 78 175
105 189 79 176
129 26 80 176
140 172 146 70
158 179 162 11
40 62 180 72
162 191 181 72
33 105 134 68
152 188 133 67
40 4 166 128
159 25 166 129
42 118 69 34
192 198 69 35
137 51 70 36
199 76 41 41
84 13 41 71
166 167 42 71
71 6 43 71
1 31 44 72
154 115 45 72
157 155 64 110
38 41 65 111
157 163 17 99
181 9 65 89
42 174 7 39
198 59 41 25
61 27 134 168
159 114 135 169
69 181 12 46
119 177 24 123
83 27 24 124
13 186 110 110
195 155 110 111
15 3 110 112
111 162 141 33
195 25 142 33
40 89 165 1
140 9 165 2
158 172 166 3
90 188 35 92
192 18 106 88
120 186 107 89
114 12 66 98
43 186 9 96
110 12 10 97
40 90 114 178
107 33 191 187
29 177 192 188
181 127 193 189
53 12 195 70
150 31 29 132
156 194 30 131
83 5 49 95
139 180 49 96
170 60 50 95
194 146 108 37
45 197 146 149
197 116 146 150
65 27 146 151
196 123 147 152
42 29 147 153
138 100 147 154
0 63 147 155
138 141 147 156
133 164 16 101
98 29 178 67
43 199 178 68
115 160 8 99
198 32 8 100
65 130 8 101
185 180 192 83
34 105 192 84
159 8 193 85
69 185 193 86
185 26 133 62
3 102 134 63
14 177 170 74
197 159 109 144
1 77 110 145
60 16 76 122
177 198 76 123
110 57 76 124
32 38 31 164
19 143 176 33
26 141 169 103
133 152 185 77
0 6 186 78
29 122 186 79
124 197 180 80
148 38 14 84
11 16 12 168
52 198 148 86
199 114 148 87
41 127 148 88
190 192 149 89
183 185 116 193
75 19 116 194
67 13 59 117
27 56 91 12
171 181 92 12
135 41 93 13
6 166 134 123
176 181 14 199
8 69 15 198
4 70 175 24
17 79 136 37
164 115 136 38
4 54 136 39
169 182 137 40
158 58 122 198
112 174 154 14
82 152 101 38
142 7 101 39
155 131 102 40
62 6 102 41
195 85 102 42
36 176 102 43
61 197 58 15
25 31 152 65
82 6 130 3
193 178 130 4
171 72 130 5
15 175 130 6
126 189 89 33
180 73 126 178
0 43 126 179
33 119 192 86
48 147 174 99
65 132 194 162
193 109 131 27
32 6 132 28
181 179 132 29
26 52 57 14
170 194 57 15
17 58 57 16
48 37 110 193
153 86 111 194
2 193 111 195
91 131 149 39
1 12 149 40
163 196 150 41
198 11 150 42
164 193 150 43
17 130 151 42
158 146 12 116
28 106 149 68
61 148 170 117
165 7 170 118
47 167 170 119
48 1 171 120
174 29 168 68
9 177 168 69
100 51 169 70
184 175 169 71
70 15 170 72
130 173 49 104
199 90 121 46
97 197 121 47
114 2 15 185
14 116 15 186
151 47 15 187
59 85 115 147
199 175 116 147
2 185 94 49
72 95 94 50
197 130 60 149
18 97 88 26
184 3 88 27
123 128 7 192
7 6 7 193
111 198 78 116
0 29 79 117
190 70 64 5
111 147 65 6
187 8 65 7
157 185 65 8
19 50 102 128
12 4 54 84
154 95 70 1
79 2 9 34
162 56 180 199
12 192 181 199
158 119 182 199
14 38 183 199
123 172 184 199
97 181 146 60
5 53 147 61
199 83 147 60
41 90 162 108
102 57 199 144
191 170 199 143
15 84 199 142
196 132 198 141
15 38 191 41
168 40 191 42
101 120 11 61
4 38 11 62
39 95 72 198
174 199 72 199
52 39 73 199
158 155 13 131
144 1 14 131
4 49 15 132
159 190 4 121
120 66 51 152
49 199 98 72
195 154 108 67
37 36 109 68
171 20 162 119
199 91 21 68
125 19 22 69
177 80 108 162
166 187 137 49
50 41 137 50
194 191 137 51
193 81 141 165
13 197 142 166
175 134 143 167
3 3 99 132
121 144 99 133
71 9 87 187
167 113 88 188
5 157 89 189
16 154 91 106
99 175 17 108
138 3 65 97
33 162 117 191
127 30 117 192
184 51 37 172
35 137 3 49
143 28 193 102
50 198 194 103
144 15 48 140
7 190 48 141
164 125 48 142
152 17 48 143
66 192 49 142
162 160 118 119
12 47 119 120
143 32 109 174
10 160 109 175
193 122 109 176
5 78 144 35
2 141 149 90
181 144 149 91
53 86 149 92
157 177 150 93
95 194 94 31
30 88 95 30
193 83 96 31
52 195 96 32
72 17 96 33
46 86 161 13
188 14 161 14
150 131 58 115
17 1 58 116
154 30 59 116
170 27 15 15
82 187 102 146
198 5 103 147
186 138 60 43
26 17 60 44
57 138 122 1
22 189 159 181
106 192 119 68
82 16 120 69
7 100 120 70
170 137 120 71
22 38 120 72
20 194 78 168
199 63 78 5
193 66 100 172
193 185 195 58
23 115 99 64
197 73 100 65
7 87 100 66
191 180 163 98
9 19 163 99
65 12 147 95
179 194 147 96
156 153 147 97
3 20 147 98
134 1 39 132
1 41 160 77
187 166 159 76
126 34 14 179
180 139 57 79
186 120 9 165
10 194 123 169
122 2 102 64
40 178 102 65
135 40 102 66
62 187 102 67
199 21 170 63
28 154 171 64
123 168 65 57
34 18 102 160
188 161 134 17
135 5 134 18
5 199 47 109
159 55 47 110
183 178 64 139
9 48 125 80
43 93 105 7
194 136 106 8
49 56 106 9
196 148 106 10
195 90 74 105
106 68 23 171
197 1 61 64
41 124 113 3
158 37 114 3
46 20 115 3
119 153 116 3
165 26 16 73
82 145 16 74
138 51 16 75
16 175 17 74
151 51 18 75
60 7 24 81
184 54 75 131
17 139 75 132
170 48 30 48
6 129 31 48
140 33 31 47
60 191 32 46
15 37 33 47
133 174 34 48
29 120 35 47
136 0 101 147
71 136 190 89
152 38 190 90
28 98 191 91
199 120 191 92
43 29 28 157
190 60 114 151
91 142 49 2
186 13 50 3
22 99 51 3
174 188 105 110
93 68 105 111
15 136 60 23
195 16 61 24
46 159 61 25
51 184 103 136
174 15 103 137
109 143 125 1
175 27 61 132
36 115 87 3
182 32 87 4
10 183 87 5
141 110 30 96
6 36 31 97
0 25 11 178
84 115 11 179
183 196 11 180
36 13 11 181
36 124 89 1
24 160 185 158
97 9 185 159
10 124 128 40
186 154 81 49
10 125 11 15
192 37 11 16
18 30 40 107
191 185 41 108
26 98 41 109
185 62 48 111
37 103 197 155
13 177 115 159
191 59 115 160
54 38 47 158
164 195 47 159
5 56 166 123
191 28 166 124
24 142 167 125
139 44 167 126
11 73 167 127
171 16 126 96
40 169 127 96
24 12 60 89
134 150 60 90
187 97 91 174
89 185 129 8
35 72 129 9
165 194 129 10
7 65 61 190
21 170 135 177
160 3 136 177
1 109 137 178
149 49 138 178
83 172 119 40
31 61 191 124
186 33 192 124
58 199 193 124
193 89 128 141
17 2 28 159
156 19 193 141
88 157 168 73
193 13 168 74
36 152 104 77
196 194 194 31
198 85 34 69
50 140 122 29
98 15 184 154
113 6 80 160
136 179 80 161
74 30 176 103
36 185 176 104
14 140 39 55
190 74 39 56
2 79 39 57
186 110 40 58
6 170 87 19
174 176 88 20
21 59 89 21
183 149 89 22
79 169 152 68
52 15 152 69
1 68 152 113
160 163 153 113
24 38 159 101
182 7 94 27
3 90 94 28
186 121 12 15
154 0 196 183
102 78 26 187
174 191 26 188
117 29 26 189
82 171 74 71
4 173 70 54
178 161 173 7
2 105 89 71
175 187 90 71
48 49 91 71
63 136 161 47
17 174 150 154
176 26 151 154
37 13 71 170
191 134 71 171
1 102 81 55
68 18 103 154
146 171 104 155
41 51 105 156
67 78 186 159
0 165 122 158
102 25 122 159
189 97 37 26
176 22 40 148
69 194 53 68
190 23 53 69
176 193 133 60
148 43 86 119
41 156 86 120
17 115 194 174
133 51 43 139
187 174 43 140
22 7 43 141
168 2 87 1
14 192 88 1
47 133 136 125
197 74 80 105
6 4 80 106
62 198 172 79
169 142 104 21
16 5 105 22
9 188 177 194
123 33 177 195
195 114 76 172
151 36 82 111
22 162 83 110
95 3 169 169
37 161 169 170
186 175 169 171
118 5 61 139
168 26 82 86
13 135 83 87
111 11 112 199
73 188 113 198
183 169 112 198
15 47 107 121
62 190 156 61
172 35 157 62
76 21 141 161
68 10 105 167
7 183 106 166
180 15 107 167
5 102 118 121
189 176 118 122
14 190 119 123
146 47 120 124
58 198 120 125
136 49 120 126
176 147 121 127
113 4 98 190
69 189 99 189
16 91 180 124
16 29 139 94
176 128 113 57
8 76 114 58
178 1 114 59
75 10 114 60
180 5 22 66
170 164 41 124
148 141 7 30
67 151 161 83
4 68 153 27
188 65 41 49
47 19 41 50
118 9 98 106
19 132 98 107
80 1 102 116
36 194 102 117
60 24 102 118
175 37 100 143
48 38 180 90
56 182 169 16
125 195 169 17
16 52 169 18
151 159 112 11
1 104 131 35
140 1 131 36
105 198 131 37
130 156 55 110
26 38 55 111
43 5 177 78
30 55 78 160
150 185 79 160
23 54 121 166
192 77 121 167
26 51 166 79
144 151 166 80
59 15 167 81
155 123 167 82
126 128 59 74
180 175 45 117
50 96 46 118
185 52 46 119
35 173 47 120
24 162 6 7
42 0 6 8
16 66 162 174
180 118 163 175
55 40 189 134
19 151 189 135
185 22 189 136
133 168 56 74
5 160 27 18
19 48 108 127
159 22 109 128
8 44 133 168
51 43 79 198
48 196 75 56
171 54 75 57
153 163 193 43
108 39 194 44
114 195 194 45
24 36 194 46
80 17 172 133
184 173 173 132
63 63 174 132
6 196 63 107
26 179 133 73
155 177 133 74
56 42 133 75
26 150 133 76
184 29 134 76
116 35 16 134
31 188 17 134
198 161 18 135
76 182 173 43
189 195 139 99
129 4 140 100
70 149 141 99
178 31 142 99
70 167 151 45
89 23 152 46
14 45 129 150
114 169 129 151
199 84 91 25
189 199 111 107
113 23 111 108
16 182 112 109
21 110 140 181
37 115 180 92
141 5 180 93
188 154 180 94
178 5 61 35
85 124 61 36
48 162 176 176
151 100 23 9
129 14 72 146
4 94 151 110
193 103 152 111
25 193 152 112
19 174 120 109
134 65 120 110
64 51 52 125
169 198 52 126
136 10 145 195
189 194 145 196
21 131 111 2
139 119 37 18
19 196 37 19
135 22 37 129
24 57 175 69
134 179 175 68
175 197 115 44
145 191 172 39
160 186 84 55
9 4 80 113
104 66 80 114
103 199 73 110
194 61 93 22
128 198 93 23
13 71 93 24
71 186 93 25
66 179 76 21
186 100 77 21
166 10 81 120
2 24 134 57
183 142 135 58
25 164 51 18
187 87 52 109
188 24 119 110
111 158 120 111
172 188 50 132
99 26 51 133
48 93 165 51
128 182 165 52
6 81 165 53
146 139 165 54
165 12 166 55
35 152 166 56
188 180 161 61
144 17 89 88
32 155 89 89
38 40 140 197
14 155 130 125
149 35 131 124
97 2 42 136
131 191 42 137
1 13 43 138
84 143 44 138
183 13 45 139
191 22 103 85
9 146 103 86
9 97 85 45
92 41 155 152
25 187 156 153
148 102 44 27
195 40 146 121
81 162 146 120
187 65 132 101
61 182 132 102
167 9 133 103
170 7 172 162
30 164 172 163
0 87 135 87
143 188 136 88
45 194 180 144
195 73 130 19
18 177 131 20
155 18 59 69
11 156 58 69
145 72 53 166
187 168 93 149
89 95 181 17
167 187 182 18
3 127 183 17
134 9 164 145
67 192 1 130
141 49 1 131
90 130 100 3
168 4 101 4
1 52 101 5
14 106 55 13
193 17 120 102
26 182 120 103
18 24 120 104
167 45 120 105
35 117 120 106
105 162 127 36
196 11 127 37
48 192 126 36
186 43 151 181
20 24 152 181
108 181 153 182
173 151 57 83
11 33 57 84
9 199 114 109
167 15 142 182
59 124 143 183
34 36 143 184
198 129 143 185
61 124 6 174
199 23 7 175
79 170 7 176
149 17 10 140
169 73 10 141
17 179 11 142
31 104 65 172
186 183 65 173
15 104 66 173
43 15 171 69
32 153 15 87
44 195 166 126
134 157 29 85
161 164 81 71
9 14 82 70
139 163 83 69
1 38 84 69
63 198 85 70
40 151 156 36
164 142 40 134
56 32 40 135
97 17 115 144
2 52 110 62
27 31 43 189
93 186 43 190
70 173 155 19
89 11 62 69
196 149 63 70
64 32 78 182
190 124 79 183
55 188 79 184
184 66 107 67
4 195 107 68
187 155 108 69
16 32 108 70
168 66 108 71
3 126 109 71
195 3 109 70
22 24 79 159
56 6 139 188
32 66 189 121
134 152 189 122
25 60 190 122
7 15 115 56
174 165 116 57
194 111 71 28
160 171 52 22
56 133 136 77
25 192 146 89
35 84 107 17
184 186 108 17
174 9 109 16
150 182 109 15
77 34 110 14
167 120 111 15
108 193 94 98
31 44 94 99
60 40 170 19
151 199 170 20
3 82 100 17
13 1 79 162
2 8 73 116
149 123 74 115
4 55 75 116
185 187 172 67
189 5 149 101
47 59 149 102
162 190 150 103
108 38 159 123
7 180 159 124
135 179 35 41
43 196 94 73
195 63 95 74
173 42 56 164
121 177 57 165
2 94 64 54
190 167 64 55
59 180 134 24
186 94 47 117
127 159 17 126
23 35 17 127
188 88 133 11
36 184 133 12
8 198 23 89
123 39 7 159
134 70 19 95
183 91 15 166
70 172 194 78
69 188 59 6
160 119 60 7
19 80 60 8
125 137 61 9
190 13 10 3
30 44 68 197
5 92 154 95
154 175 154 96
56 165 174 71
152 36 11 101
103 152 178 85
182 14 178 86
7 64 118 139
180 117 118 140
2 36 117 117
136 172 77 29
25 73 185 142
194 180 146 100
195 10 35 77
8 118 35 78
79 0 64 105
33 124 145 28
93 19 113 173
46 8 127 70
182 132 127 71
189 23 157 199
144 175 158 199
156 3 97 119
181 58 176 145
78 198 176 146
68 173 152 60
92 27 172 64
182 107 145 199
95 41 103 180
6 175 103 181
142 23 103 182
21 95 103 183
141 150 179 21
180 11 179 22
160 174 10 68
143 161 107 28
11 30 106 28
179 6 18 96
78 128 198 158
160 10 198 159
10 182 198 160
175 60 198 161
137 174 104 59
73 27 104 60
149 171 104 61
185 38 52 142
62 167 53 143
2 39 2 107
152 164 2 108
146 39 2 109
2 162 2 110
87 169 61 49
46 6 61 50
53 21 143 28
158 158 142 28
188 148 16 143
166 179 136 50
33 152 80 73
49 163 184 172
156 71 184 173
27 22 93 74
127 199 94 75
148 55 71 39
105 0 33 145
199 53 192 156
5 16 192 157
158 131 192 158
42 51 182 103
172 2 170 187
31 57 136 53
184 194 137 54
14 44 138 53
19 117 75 12
6 134 128 48
152 74 128 49
10 46 128 50
61 69 158 45
169 51 139 195
66 161 140 195
124 188 43 114
65 22 43 115
173 4 95 136
63 174 95 137
13 38 95 138
176 17 95 139
187 21 136 129
104 170 137 130
143 153 64 70
110 20 146 125
198 123 146 98
146 5 114 165
191 33 27 104
69 174 128 60
159 70 170 150
21 179 170 151
158 20 23 46
66 30 171 148
193 34 69 128
31 174 105 172
174 62 105 173
15 195 105 174
29 22 131 121
186 155 46 176
11 158 46 177
171 36 46 178
27 1 94 158
195 21 85 115
40 194 85 114
137 45 125 198
32 171 125 199
183 98 126 199
107 12 39 114
12 57 40 143
189 196 40 144
158 13 40 145
41 46 96 123
195 170 97 123
164 19 135 71
12 148 135 72
94 39 67 197
3 30 129 132
144 114 129 133
4 175 82 94
192 159 83 93
86 25 84 93
134 184 185 25
135 36 185 26
4 192 186 26
168 30 187 27
24 199 134 35
118 70 135 36
18 169 135 37
192 189 36 110
36 75 195 32
194 19 196 33
2 128 196 34
142 3 187 38
1 118 187 39
195 51 33 136
13 45 88 185
184 47 88 186
190 46 92 119
106 55 3 141
28 187 113 38
193 149 113 39
136 21 3 8
48 50 9 160
191 192 82 19
93 38 82 20
9 43 147 100
168 170 148 99
145 30 149 99
189 185 150 100
198 41 88 72
5 122 88 73
90 178 121 101
3 93 74 17
39 192 85 69
190 37 86 68
180 162 73 92
32 183 73 93
119 89 73 94
16 28 74 95
192 179 75 96
163 157 150 16
65 20 151 17
28 84 121 197
185 196 80 57
176 70 57 157
154 39 22 8
18 199 178 84
162 8 177 83
38 121 178 82
174 161 179 82
58 153 153 101
158 0 153 102
64 188 154 103
29 25 195 51
17 7 60 188
120 47 61 188
14 188 115 167
195 11 115 168
6 155 116 168
133 63 117 169
2 28 32 140
187 132 33 139
30 63 34 139
172 128 35 140
86 193 54 7
159 192 61 75
187 165 71 176
57 8 71 177
168 131 71 178
22 40 113 140
45 199 24 9
141 56 24 10
164 135 38 84
160 156 91 35
134 195 103 5
109 49 192 87
2 195 191 86
123 34 191 87
179 140 42 98
16 152 108 163
116 17 37 134
31 171 38 134
179 35 196 172
7 136 197 173
103 36 197 174
15 144 197 175
141 177 68 27
23 52 170 81
173 91 171 82
160 74 87 120
4 172 87 121
100 23 87 122
17 43 150 98
178 179 120 82
189 4 119 81
51 138 120 80
100 185 116 62
193 32 117 61
12 98 118 60
153 14 119 60
147 184 58 79
0 110 149 50
43 122 144 52
156 184 192 4
26 103 133 199
178 181 60 71
3 17 61 72
77 26 198 66
182 187 199 66
190 41 169 191
37 28 169 192
139 197 169 193
34 129 196 196
155 82 110 199
174 91 126 137
46 198 126 136
156 156 60 28
40 67 135 24
194 129 135 25
152 151 174 9
23 111 175 10
155 149 176 11
23 13 176 12
30 49 98 34
192 196 98 35
120 27 60 191
191 51 42 36
89 195 42 37
65 174 163 72
191 37 164 73
133 198 164 74
13 68 165 74
133 184 166 74
190 10 167 74
44 14 78 118
138 193 79 119
11 148 186 81
160 183 186 82
1 87 186 83
171 39 29 123
180 3 197 147
122 189 198 148
157 12 198 149
191 61 155 93
6 159 155 94
171 94 155 95
38 59 115 139
175 199 115 140
25 69 116 140
51 38 136 169
137 175 55 20
8 72 143 36
3 51 16 156
141 137 16 157
124 175 105 27
43 43 105 26
184 22 16 39
117 151 16 40
35 103 133 33
74 199 59 63
180 0 60 63
114 159 173 24
46 29 173 25
176 120 173 26
108 35 173 27
39 63 112 192
147 120 1 92
72 5 1 93
108 198 1 94
175 11 2 95
25 144 99 29
157 4 100 30
21 10 151 80
109 187 20 50
45 13 159 61
117 198 159 60
7 147 173 100
42 111 14 1
175 26 14 2
4 52 15 3
193 28 160 23
3 196 160 24
151 64 161 24
27 162 77 31
27 126 86 57
8 165 184 114
119 2 184 115
56 73 184 116
62 13 180 67
156 131 111 17
16 85 137 167
155 154 65 108
83 9 66 109
23 10 22 92
185 149 22 93
85 185 25 46
191 144 25 47
7 80 26 48
83 29 172 76
172 177 173 77
28 6 173 78
83 111 173 79
191 3 174 80
64 195 3 189
188 3 3 190
30 159 3 191
2 157 124 188
180 59 65 197
18 168 24 35
169 47 24 36
191 145 6 189
58 176 6 190
132 15 6 191
148 42 110 132
120 14 30 169
127 174 30 170
5 51 84 155
134 151 84 156
197 12 94 34
140 86 19 154
17 55 20 155
112 175 20 156
172 46 21 156
146 146 167 21
68 5 126 174
73 189 127 174
183 73 42 125
16 129 97 58
199 191 98 57
172 44 99 58
121 180 99 59
134 36 17 106
46 172 18 107
182 136 109 64
23 163 179 123
182 108 180 122
120 24 181 123
91 193 181 124
125 3 181 125
18 100 181 126
147 36 181 127
92 139 182 128
45 15 182 129
158 137 182 130
118 174 47 65
70 7 16 193
85 186 0 101
181 154 76 97
170 56 94 116
91 177 199 108
171 30 44 88
74 171 45 89
181 141 43 154
182 43 57 191
25 166 58 192
184 37 59 191
118 189 60 192
191 163 41 129
86 44 42 130
19 179 42 131
14 7 42 132
11 98 89 41
14 185 101 72
165 161 113 59
131 13 113 60
27 172 113 61
4 1 107 148
174 158 17 97
167 31 68 156
22 71 68 157
193 132 68 158
9 94 91 4
164 51 118 142
87 199 118 143
41 95 106 21
189 178 106 22
48 153 189 33
123 165 183 1
175 2 72 100
195 188 193 45
102 74 192 44
7 99 101 97
185 183 102 97
83 184 99 25
4 74 99 26
99 45 143 161
46 194 143 162
174 179 144 163
28 1 66 157
175 146 67 156
173 22 66 156
47 125 65 155
142 48 17 130
36 133 17 131
172 143 18 132
48 51 18 133
24 182 189 185
147 109 189 186
24 198 188 186
8 160 152 95
160 197 152 96
119 145 195 73
34 49 195 74
142 186 195 75
178 195 137 105
33 34 137 106
198 189 137 107
11 57 161 114
183 29 71 194
161 70 53 135
35 36 189 96
17 61 84 96
1 190 65 84
187 141 65 85
193 125 49 80
44 4 50 81
100 189 49 82
55 150 177 199
47 164 99 63
198 29 100 64
153 79 75 191
92 189 75 192
63 52 75 193
0 192 76 194
167 64 76 195
0 105 15 26
52 7 161 173
113 197 96 52
74 181 126 135
74 173 177 103
61 8 177 104
164 106 178 105
58 168 175 29
95 14 175 30
125 128 175 31
26 9 176 31
171 178 177 31
99 36 168 147
37 178 171 100
193 194 101 170
29 49 101 171
175 148 101 172
186 119 78 56
96 24 78 57
171 50 51 120
62 3 100 137
185 167 160 143
15 10 160 144
103 34 21 183
51 42 109 27
197 165 109 28
173 139 26 29
146 190 26 30
69 3 27 31
16 7 165 30
162 140 20 149
22 53 20 150
71 3 8 112
196 151 9 113
88 14 60 144
138 195 60 145
54 148 185 80
160 71 125 147
162 4 126 185
127 157 6 100
191 27 7 100
49 12 190 1
100 170 196 132
111 10 62 124
192 112 63 123
41 157 64 123
192 9 106 144
1 95 136 63
184 158 136 64
1 168 90 104
84 18 89 104
181 121 88 105
23 4 88 106
0 3 67 59
49 185 67 60
197 160 191 51
27 43 191 52
118 186 142 71
29 42 143 72
17 186 143 73
189 20 70 29
90 147 70 30
169 116 82 192
35 146 83 193
181 105 83 194
2 12 83 195
189 37 157 119
63 134 157 120
71 182 135 83
155 188 92 58
41 167 53 34
199 93 104 120
53 194 104 121
11 163 134 60
190 38 134 61
4 24 91 189
37 160 131 67
70 88 190 165
191 58 110 126
27 88 110 127
190 141 21 165
194 3 22 165
38 31 135 12
170 162 135 13
70 26 168 89
66 25 48 189
141 168 48 190
60 36 22 140
5 189 22 141
6 37 150 161
119 195 151 161
7 58 152 162
25 143 178 62
43 31 179 24
177 161 180 25
59 153 94 92
167 23 95 93
1 71 95 94
172 25 181 97
5 166 182 97
18 22 183 98
169 122 184 99
27 82 165 119
116 169 166 120
5 8 42 26
179 128 42 27
25 147 179 178
146 192 179 179
26 170 176 174
83 81 183 177
101 181 73 131
187 9 74 132
149 66 31 195
34 199 70 17
11 37 36 114
192 146 36 115
181 176 119 44
17 138 120 45
0 26 120 46
156 145 120 47
28 7 120 48
192 147 93 86
25 126 89 60
192 163 89 61
75 179 4 69
141 11 4 70
78 166 5 71
79 132 188 199
12 149 35 2
171 89 35 3
10 133 35 4
33 169 45 33
175 127 45 34
0 171 99 45
50 133 166 44
58 8 167 45
53 195 30 24
176 92 43 150
28 53 43 151
140 31 27 13
198 192 27 14
13 44 29 181
175 147 30 182
64 6 31 183
4 13 11 131
72 181 11 130
80 198 198 147
139 14 199 148
14 121 144 168
196 121 92 152
0 78 93 153
82 23 65 151
153 83 75 198
27 167 75 199
5 107 66 179
187 49 66 180
14 22 107 35
40 187 149 174
183 86 149 175
96 41 149 176
6 1 27 136
53 186 27 137
82 195 69 63
198 23 69 64
142 167 141 26
89 15 141 27
174 10 125 179
41 148 125 180
188 178 141 103
98 32 142 104
182 161 142 105
13 61 142 106
33 175 142 107
195 65 142 108
14 52 162 74
189 198 162 75
199 147 74 199
49 186 102 44
73 6 103 45
132 179 103 46
121 152 56 30
112 17 56 31
53 185 56 32
190 59 56 33
195 20 71 24
30 145 71 25
158 70 184 156
5 155 184 157
55 32 183 103
43 198 183 104
195 33 128 150
139 148 128 151
26 54 128 152
175 163 64 73
22 157 64 74
145 171 99 73
72 16 9 99
52 53 196 92
196 32 196 93
30 116 197 94
168 196 197 95
99 4 198 96
116 178 198 97
21 42 75 179
18 26 116 91
194 101 116 92
99 198 117 93
135 188 37 139
68 56 174 144
190 172 175 143
52 57 50 159
130 25 137 196
174 170 137 197
13 76 193 66
15 105 170 186
186 199 158 65
45 12 158 66
37 190 158 67
12 113 98 15
196 122 147 7
46 18 148 7
173 155 149 8
194 98 57 2
60 6 161 115
12 166 66 20
132 155 181 81
22 15 181 82
89 182 150 126
185 19 150 127
105 195 150 128
103 47 151 128
145 13 46 131
49 168 93 68
155 36 93 69
3 99 124 140
182 47 125 141
137 160 75 38
23 24 147 46
53 140 23 75
187 10 23 76
17 44 23 77
194 115 24 190
3 55 119 131
137 165 119 132
16 10 51 98
169 183 52 97
15 22 53 98
15 179 53 99
145 77 54 100
165 185 13 160
197 178 154 23
195 24 44 41
47 155 45 42
197 161 96 179
3 117 117 3
194 107 86 4
118 49 60 137
168 192 61 138
68 131 169 100
5 187 74 49
177 184 74 50
59 12 74 51
83 171 196 140
191 9 28 78
127 180 28 79
74 172 176 24
63 3 179 35
120 191 179 36
187 139 193 128
8 7 193 129
93 194 80 81
168 13 80 82
109 36 195 143
110 181 53 53
194 66 86 106
39 112 86 107
142 189 148 44
30 132 121 31
61 15 121 32
5 149 121 33
174 189 54 137
46 53 117 186
191 125 117 187
31 41 124 106
170 170 124 107
186 74 18 21
61 185 93 77
37 177 102 18
156 146 154 98
4 4 155 98
55 156 156 99
45 14 125 164
38 77 84 186
197 125 85 187
14 141 85 188
187 121 86 187
13 194 86 60
175 178 69 107
53 0 69 108
170 184 97 19
37 40 52 12
179 184 52 13
62 22 52 14
26 25 17 61
186 171 17 62
177 21 17 63
2 49 17 64
104 22 38 81
190 44 77 190
20 20 77 191
60 189 77 192
160 34 182 178
36 181 183 179
165 14 59 110
176 170 44 126
55 187 137 56
191 14 137 57
40 176 138 58
2 14 139 59
88 145 140 60
46 164 127 88
13 8 127 89
168 135 128 90
20 10 129 91
195 41 196 148
82 43 54 165
168 182 54 166
53 172 159 91
16 151 169 136
92 17 155 110
63 92 187 20
185 16 11 85
23 151 11 86
29 13 118 67
90 169 118 68
147 8 118 69
38 148 118 70
153 168 94 136
7 47 94 135
128 98 12 7
9 65 136 172
34 179 49 22
10 17 183 97
63 182 9 92
44 188 119 153
198 30 120 154
13 90 86 175
195 183 87 176
54 197 105 43
102 24 160 121
175 155 161 121
18 85 115 36
137 185 116 37
33 173 21 2
151 43 21 3
128 174 21 4
174 7 73 113
66 182 73 114
182 153 135 197
6 27 136 197
171 199 137 198
20 188 197 180
14 3 197 181
30 127 110 121
157 11 110 122
21 16 9 153
61 193 9 154
180 48 9 155
185 70 104 169
47 6 104 170
159 23 61 162
95 6 16 189
24 146 142 157
188 9 142 158
31 78 143 159
185 30 144 160
3 143 144 161
156 20 144 162
4 48 166 160
152 184 55 184
17 32 55 185
35 181 58 63
142 56 58 64
157 132 12 81
20 70 161 135
181 56 46 101
170 28 32 105
126 180 33 106
11 71 33 107
186 151 122 74
40 29 123 75
95 190 31 95
27 85 31 96
44 109 191 77
69 142 183 95
13 6 107 101
106 188 184 65
189 48 184 66
13 183 185 65
11 198 20 115
141 78 20 116
41 9 29 165
175 180 148 127
7 34 149 126
181 128 149 125
27 68 148 124
154 153 26 92
19 67 26 93
167 151 26 94
3 111 27 95
196 41 119 74
69 134 119 75
28 47 188 81
51 195 163 113
21 124 133 97
181 40 133 98
149 63 168 166
43 165 168 167
0 137 91 124
158 103 52 38
112 43 152 154
33 39 147 185
173 116 11 104
48 199 187 148
152 77 188 149
175 190 134 66
64 58 134 65
187 183 135 64
39 5 134 64
17 13 61 167
187 100 61 168
16 116 61 169
48 2 62 169
173 188 63 169
22 27 64 168
10 149 65 169
129 70 66 170
153 20 37 28
50 172 37 29
181 87 37 30
29 174 37 31
32 3 94 138
180 104 45 93
0 189 45 94
167 169 45 95
197 138 175 17
107 4 175 18
28 32 126 171
128 173 126 172
77 38 127 173
