37 43 50 192
167 154 18 66
175 177 73 191
38 81 73 192
5 122 133 35
169 160 133 36
188 10 133 37
2 20 133 38
156 126 133 39
175 124 185 25
66 7 185 26
26 119 125 69
153 41 125 70
14 125 125 71
197 45 108 101
9 131 109 102
133 152 41 44
9 84 197 150
186 13 197 151
10 3 197 152
192 101 197 153
58 183 99 104
165 17 99 105
116 184 20 55
74 197 44 43
188 76 35 24
122 110 6 16
170 90 47 2
28 180 48 2
190 133 69 135
193 186 68 26
163 8 69 27
20 74 132 199
139 110 131 198
19 36 131 199
37 54 108 124
147 146 124 13
197 42 36 96
155 183 36 97
11 39 37 96
70 192 143 72
1 41 143 73
62 184 187 53
80 196 161 54
192 132 72 180
123 192 33 149
89 4 33 150
155 134 33 151
0 130 34 151
191 170 35 151
33 49 36 152
53 181 37 153
168 3 38 153
131 20 58 149
103 170 58 150
183 179 131 8
144 8 46 127
169 29 34 82
125 142 35 83
196 34 35 84
142 64 95 193
195 193 124 86
14 114 124 87
164 92 124 88
15 191 124 89
83 11 124 90
16 182 124 91
153 48 124 92
26 7 124 93
90 164 18 124
9 11 19 125
174 151 19 126
156 195 137 77
150 149 14 123
25 7 14 124
109 177 14 125
197 1 109 44
43 193 108 43
36 0 140 98
77 6 97 35
185 188 98 36
177 164 134 123
14 42 135 124
180 19 132 84
4 117 132 85
20 29 106 117
177 10 106 118
133 142 50 71
19 58 51 71
120 43 29 128
166 167 29 129
26 41 29 130
195 81 79 177
170 167 62 50
36 99 63 50
144 181 95 37
20 193 93 97
71 176 38 45
170 169 182 90
40 21 182 91
8 8 173 71
185 134 174 71
15 10 196 100
60 3 62 138
2 21 186 94
189 98 26 150
157 31 34 148
4 183 30 98
153 56 30 99
13 179 183 160
23 180 46 92
132 53 46 93
170 103 154 193
33 10 154 194
44 170 166 148
114 26 166 149
52 191 18 56
187 56 18 57
67 180 58 13
161 97 58 14
189 166 18 102
18 106 19 103
199 169 41 132
12 59 98 113
167 14 99 114
132 55 12 128
171 187 61 126
38 10 53 138
33 171 128 123
176 40 128 124
193 123 88 33
18 151 88 34
12 125 27 17
69 192 85 58
2 105 199 84
56 2 198 83
69 193 198 84
33 186 100 52
13 20 100 53
127 121 100 54
95 60 173 173
108 186 181 35
174 97 181 36
23 163 182 37
180 101 183 37
17 135 93 86
100 13 94 87
181 117 19 16
183 152 167 84
74 5 168 85
183 129 168 86
159 173 124 35
19 157 127 96
5 23 82 56
165 182 83 57
117 184 166 130
14 27 166 131
48 74 111 166
159 191 111 167
26 64 112 168
5 148 97 176
174 167 55 77
80 168 13 76
171 54 13 77
122 10 98 160
61 79 186 98
89 15 159 78
175 146 159 79
38 156 130 191
169 43 130 192
96 191 130 193
7 146 43 44
192 86 43 45
24 2 43 46
175 5 127 101
10 171 127 102
153 160 40 35
121 28 15 180
38 149 16 181
96 5 16 182
63 49 63 149
186 198 63 150
142 30 84 83
24 172 85 84
59 30 85 83
138 180 85 82
176 43 84 81
16 140 84 82
39 183 119 173
198 12 119 174
18 131 118 174
160 155 118 175
12 118 118 176
186 15 118 177
23 4 119 178
191 51 118 179
39 143 127 16
168 112 127 17
34 28 127 18
174 176 48 120
46 40 49 121
98 60 167 164
5 194 168 165
83 83 186 14
182 187 186 15
14 1 186 16
175 39 187 15
197 188 188 16
193 118 57 190
21 19 58 191
116 26 198 60
178 198 198 61
141 22 199 62
142 72 41 14
21 51 139 117
91 16 61 151
7 25 159 32
69 152 160 33
23 8 133 118
108 165 133 119
29 162 10 33
184 13 10 34
95 72 11 35
132 2 157 129
56 162 157 130
119 154 70 7
147 177 115 22
186 3 116 23
197 27 111 134
68 31 28 185
31 86 165 56
181 180 60 163
166 94 47 109
14 181 47 110
105 20 47 111
169 11 76 110
68 87 76 111
189 45 76 112
164 181 164 37
199 15 165 38
74 153 165 39
118 156 49 52
147 199 33 144
53 37 5 140
162 48 101 156
167 44 0 91
29 32 1 92
175 119 2 93
35 108 107 36
185 170 108 37
5 121 109 38
19 124 105 188
168 17 106 189
44 7 132 2
150 165 133 3
30 184 133 4
143 70 134 5
143 192 100 71
188 31 151 180
174 183 151 181
67 52 151 182
172 20 141 101
6 138 141 102
133 184 186 30
159 0 185 29
71 185 152 67
139 19 152 68
19 33 153 69
152 136 154 69
2 23 155 69
173 2 91 7
10 94 91 8
14 184 92 8
175 61 93 9
118 149 69 92
18 10 69 93
105 127 70 94
3 191 57 103
178 122 58 104
147 20 82 100
85 192 83 99
148 158 64 39
159 37 108 145
3 77 109 146
36 194 63 7
126 9 64 8
193 125 65 8
34 186 66 8
47 15 67 9
118 158 12 13
177 178 18 74
20 66 18 75
88 28 41 142
100 185 42 141
20 21 54 71
117 186 55 71
147 62 56 72
36 188 113 23
191 11 114 22
124 19 114 21
19 189 115 20
196 198 116 20
19 173 117 20
175 197 118 21
8 10 118 22
195 178 118 23
192 100 192 15
3 10 192 16
184 18 108 110
194 37 103 115
124 174 171 75
12 80 31 45
199 179 31 46
99 41 31 47
110 193 133 116
3 34 134 116
27 137 170 71
177 176 171 72
150 147 174 8
20 41 174 9
65 42 52 198
193 178 53 199
5 105 54 199
3 165 190 189
162 63 191 188
18 36 33 122
165 149 33 123
46 51 34 123
64 167 169 117
184 10 170 118
93 31 144 135
122 198 144 136
11 70 145 136
162 18 146 136
29 77 147 137
28 26 64 103
129 199 64 104
171 155 23 173
24 30 23 174
90 154 22 23
43 17 23 24
5 195 24 24
105 51 25 24
179 181 168 83
90 4 168 84
151 187 31 91
60 48 32 92
54 173 102 49
4 48 125 121
1 116 106 166
194 176 106 167
159 158 63 161
53 189 170 146
194 68 171 145
29 133 172 145
195 8 86 56
154 5 49 38
91 167 49 39
25 1 129 58
160 153 129 59
7 187 129 60
77 10 129 61
24 199 130 62
80 76 130 63
79 192 21 40
171 169 160 48
69 32 161 49
7 122 141 137
162 181 141 138
19 74 168 44
164 158 169 45
53 169 169 46
124 27 169 47
58 199 169 48
172 90 170 48
5 88 171 49
126 14 172 48
19 60 173 49
120 177 173 50
46 149 157 110
153 14 158 111
62 113 158 110
3 16 150 55
3 47 168 70
102 183 169 70
4 164 162 107
9 52 61 183
34 192 61 184
137 47 62 185
169 179 172 65
57 11 172 66
161 14 90 24
3 112 90 25
36 14 89 26
125 198 89 27
185 157 73 167
5 47 74 167
194 62 75 167
138 24 29 147
157 157 30 146
27 88 31 147
198 56 32 147
12 34 134 146
106 192 134 147
36 2 33 153
164 124 33 154
72 122 164 1
152 9 164 2
8 79 98 115
162 2 98 116
49 78 97 115
78 179 161 79
157 75 161 80
170 61 45 65
7 168 46 66
159 12 47 66
174 141 48 66
15 26 49 67
92 181 131 56
27 29 30 183
189 69 30 184
130 168 93 49
76 188 115 51
189 93 115 52
39 8 149 128
103 190 65 69
46 48 122 150
152 134 122 151
24 140 193 129
136 1 194 129
187 29 43 137
195 172 42 136
160 4 43 135
9 174 71 74
198 74 78 72
46 9 78 73
126 199 46 52
20 80 59 196
40 152 145 56
168 16 86 128
83 196 86 129
0 182 44 102
180 111 45 101
189 178 14 193
137 15 15 194
15 135 16 195
8 162 109 23
184 87 59 157
20 110 106 175
189 138 107 176
179 0 107 177
79 118 108 177
132 169 50 80
96 196 111 77
134 13 56 45
15 172 57 46
19 121 124 40
159 195 42 163
8 150 107 6
199 22 150 180
19 30 104 187
186 154 104 188
180 130 25 110
41 129 117 1
181 79 189 175
8 19 190 176
62 196 191 176
1 179 150 60
121 54 150 61
48 16 63 156
162 135 63 155
8 31 123 86
191 177 70 167
32 103 71 168
134 47 3 110
198 143 70 62
95 34 70 63
193 130 117 176
64 27 117 175
164 168 116 175
9 16 115 174
12 169 78 10
50 81 171 137
160 192 172 138
13 71 172 139
132 194 173 140
45 49 174 141
157 121 174 142
119 10 174 143
39 107 123 164
78 35 194 82
195 187 197 134
45 11 197 135
103 163 197 136
9 186 127 124
141 190 97 121
16 37 98 121
165 126 190 88
1 11 190 89
145 169 190 90
175 57 197 108
21 175 197 109
59 0 162 106
150 173 163 107
88 70 136 160
198 180 136 161
62 12 136 162
108 77 5 170
9 198 117 101
15 160 144 123
58 130 145 181
155 31 146 181
6 166 147 181
20 36 21 111
194 191 21 112
66 19 21 113
4 132 20 112
121 25 20 113
123 176 76 70
149 23 77 70
163 102 48 148
18 5 48 149
19 93 132 36
194 161 87 46
97 187 87 47
195 13 88 47
67 198 26 89
194 48 26 90
67 40 148 139
190 177 148 140
184 25 29 46
193 48 101 131
20 71 102 131
140 17 100 194
11 31 100 195
83 177 100 196
192 104 71 124
56 49 71 125
122 196 72 126
13 5 71 127
150 97 71 128
52 183 72 128
160 18 79 52
58 196 80 52
30 177 56 42
111 68 57 42
178 146 9 116
63 198 10 115
164 139 108 62
8 16 109 63
190 105 109 64
54 32 134 106
85 143 198 78
80 183 20 4
21 5 20 5
194 80 65 49
20 161 65 50
145 164 181 117
184 36 128 191
189 129 88 30
22 0 88 31
80 188 89 30
185 173 89 180
36 51 90 181
80 187 146 108
4 175 119 28
55 149 127 53
20 37 75 104
43 150 180 131
19 8 44 172
114 184 199 135
183 40 198 134
95 175 43 62
157 30 44 62
194 15 100 147
113 192 110 95
188 42 138 77
28 134 138 78
192 195 57 160
21 24 56 159
172 14 140 47
9 128 140 48
161 65 65 191
199 168 118 164
1 3 119 165
9 143 153 143
194 31 154 143
58 159 155 143
86 50 187 155
198 25 187 156
102 147 187 157
151 3 196 68
1 150 197 67
166 66 198 67
22 163 199 68
135 102 198 69
57 13 199 70
175 178 199 71
4 0 198 71
9 17 22 131
195 136 22 132
7 190 112 160
37 34 157 112
11 195 158 113
168 124 158 114
192 82 83 55
37 33 83 56
24 5 126 151
1 106 143 65
181 154 144 66
5 22 170 70
195 148 171 71
64 148 150 73
12 81 128 147
58 174 141 161
189 23 141 162
183 187 74 183
30 107 75 184
128 38 44 190
79 196 75 47
186 59 76 47
197 117 122 14
107 197 135 158
20 1 135 159
198 129 13 84
98 182 144 83
148 17 144 84
117 187 116 80
42 21 117 80
2 189 118 81
183 78 39 68
161 82 58 3
6 61 58 4
161 161 59 5
111 181 10 82
64 178 67 71
176 8 68 71
158 80 38 159
148 47 72 143
9 193 40 170
157 23 41 170
145 168 65 71
96 39 65 72
172 157 124 32
78 1 124 33
51 23 38 134
177 155 38 135
17 75 38 136
186 7 39 137
188 109 64 62
26 129 65 63
184 83 65 64
16 187 89 14
124 22 89 15
27 93 143 198
199 195 144 198
174 153 48 114
37 27 48 115
178 86 33 160
12 15 136 164
38 129 134 184
21 195 13 71
196 171 13 72
152 92 38 19
86 194 39 20
32 2 40 163
119 8 72 177
178 171 72 178
144 32 52 109
27 138 52 110
15 193 103 15
61 25 104 16
145 184 105 17
146 39 106 18
43 181 106 19
198 43 107 20
0 12 73 29
189 123 73 30
45 26 73 31
151 174 74 30
35 36 142 52
177 194 142 53
64 94 142 54
149 26 142 55
7 114 142 56
77 164 48 53
161 7 48 54
3 145 119 92
171 42 120 93
39 145 120 94
182 78 120 95
23 192 121 96
24 129 114 176
178 23 115 175
195 186 114 174
176 27 175 185
27 175 176 186
144 20 157 121
56 189 157 122
47 197 167 91
174 125 168 20
22 54 169 21
64 144 189 30
21 116 128 60
165 12 128 61
0 19 70 68
122 123 71 69
190 75 71 70
40 158 71 71
192 88 163 31
30 191 163 32
176 157 16 125
26 111 167 52
155 20 168 52
10 143 169 53
169 35 49 22
7 17 47 132
84 167 192 14
29 176 132 146
16 14 32 49
189 184 33 50
31 34 33 51
60 6 42 183
180 117 70 5
136 186 16 74
167 184 147 44
40 16 148 45
171 125 148 46
75 4 36 137
12 178 36 138
177 150 36 139
33 15 53 151
30 124 92 82
198 7 92 83
52 86 92 84
31 135 115 118
165 2 115 119
12 45 107 59
28 160 152 125
93 2 153 126
172 110 9 110
73 32 166 73
188 199 166 74
197 80 120 176
0 135 120 177
45 3 121 99
99 154 122 99
122 157 147 40
7 10 148 41
72 168 58 2
93 185 150 41
98 5 115 121
183 24 162 135
46 74 146 4
104 192 156 168
191 16 157 169
24 69 119 135
116 37 108 198
141 198 109 199
189 38 160 130
47 146 161 131
0 167 110 104
173 51 111 105
37 37 36 130
173 160 36 131
136 187 65 105
4 12 66 106
166 173 66 107
29 39 177 133
196 147 99 80
57 142 183 21
155 14 177 4
3 160 177 5
139 109 171 8
101 196 64 12
140 147 84 89
60 9 85 88
135 51 92 114
3 177 92 115
30 83 92 116
193 7 93 117
79 188 93 118
3 24 82 119
168 18 81 118
70 197 81 119
81 12 127 189
149 138 127 190
13 21 179 39
191 10 179 40
67 163 119 34
0 49 119 33
4 151 152 199
46 11 132 63
99 174 133 64
159 44 29 80
77 193 30 81
164 83 31 80
25 173 127 69
197 71 127 70
101 171 127 71
148 197 103 78
148 9 104 79
180 94 1 102
89 187 55 66
9 75 56 66
130 6 57 67
12 88 58 66
52 101 31 194
192 187 32 195
178 170 61 63
104 33 62 63
51 166 63 62
51 82 170 111
38 42 137 147
16 107 83 33
104 14 122 157
18 34 109 147
104 182 110 148
197 114 110 149
63 3 111 149
199 115 112 150
187 179 41 93
5 167 137 122
23 70 169 140
79 180 183 66
128 192 14 110
38 80 14 111
179 71 135 171
19 131 136 172
0 25 142 49
87 17 43 143
30 133 44 144
135 26 44 145
21 171 44 146
122 37 44 147
157 154 45 147
7 1 53 76
146 183 53 77
170 97 43 91
190 27 64 20
43 128 64 21
183 13 95 52
35 123 96 51
185 8 97 52
34 191 174 172
23 190 159 106
171 18 109 70
190 28 85 86
1 177 85 87
2 30 111 35
115 137 112 36
5 2 113 37
72 22 182 139
197 140 39 53
99 152 27 61
168 41 28 62
43 173 28 63
139 184 13 73
189 16 71 91
15 119 71 92
190 171 71 93
10 76 97 116
26 154 124 142
180 25 124 143
9 61 125 144
10 61 191 44
189 165 191 45
97 188 132 29
170 34 94 159
60 130 142 27
177 195 83 73
183 147 60 181
23 56 60 182
15 20 121 112
40 189 122 112
20 136 63 25
187 41 64 26
34 178 65 112
173 18 65 113
69 117 171 183
199 172 171 184
198 176 140 92
9 65 140 93
50 154 185 99
177 66 186 99
12 11 187 98
190 170 188 98
27 115 163 122
136 22 164 123
8 195 110 102
163 19 111 103
188 50 154 24
6 153 155 23
184 0 156 24
92 71 180 183
182 156 181 184
100 15 182 184
27 134 183 185
192 29 57 89
11 89 56 2
59 93 188 73
172 192 188 74
13 2 188 75
53 177 144 101
172 74 145 102
114 56 150 178
187 174 184 55
12 190 131 49
47 31 124 146
166 165 142 146
9 27 142 147
169 197 143 148
118 190 19 124
65 47 20 125
30 170 12 27
7 191 80 120
22 165 115 82
9 56 88 63
24 33 151 42
30 20 7 53
174 198 8 53
23 71 9 52
11 88 102 100
194 8 129 70
34 177 130 71
147 61 130 72
194 83 44 18
190 36 61 83
131 32 29 167
156 185 29 168
179 6 29 169
4 70 84 29
113 176 84 30
123 58 54 189
6 141 117 169
190 99 118 169
50 65 64 186
143 174 64 187
13 193 12 97
186 43 12 98
109 18 159 129
24 171 159 128
193 23 159 127
3 153 1 47
4 90 125 15
169 63 125 16
178 85 50 154
47 190 51 155
111 0 51 156
194 116 86 141
34 17 87 142
171 106 88 143
91 9 89 144
196 102 89 145
153 168 66 76
10 0 66 77
84 14 173 149
159 179 174 148
88 18 175 148
56 67 145 77
199 189 146 77
63 170 146 76
169 39 147 75
199 8 60 41
21 115 61 42
54 29 81 136
192 189 81 137
67 5 112 100
2 132 113 100
26 153 38 57
160 30 39 58
31 54 183 55
181 146 31 182
53 33 31 183
172 146 43 147
15 28 58 54
190 182 58 55
64 30 81 180
44 193 184 64
190 98 184 65
187 46 61 135
92 11 131 134
69 195 131 135
28 68 132 136
162 3 97 31
0 109 98 32
164 63 79 107
74 16 113 128
175 138 114 128
163 24 99 157
10 170 99 158
127 22 20 115
72 166 192 166
178 28 193 166
44 132 194 167
193 29 198 128
1 70 198 129
151 1 27 88
29 195 27 89
7 172 189 96
107 7 100 160
63 176 100 161
198 36 100 162
52 139 126 56
131 3 126 57
49 148 126 58
6 122 71 15
198 73 71 16
85 193 134 12
120 86 79 182
25 93 26 195
116 193 14 84
26 67 117 95
130 188 118 95
199 83 119 94
113 60 38 122
32 188 38 123
173 48 125 109
43 182 124 110
2 33 124 111
182 64 124 112
43 165 124 113
14 41 124 114
162 92 124 115
34 150 142 127
190 38 142 128
26 193 145 113
155 177 111 50
182 23 111 51
127 161 111 52
173 126 100 41
28 41 101 42
60 164 109 1
33 0 85 72
166 77 85 73
84 4 50 145
108 199 51 145
139 146 182 58
26 12 182 59
160 127 182 60
90 13 183 61
28 24 15 91
185 195 15 92
185 12 26 85
94 41 26 86
40 199 26 87
26 26 113 46
192 142 114 47
175 7 46 117
85 177 46 118
180 199 45 93
39 5 45 94
143 98 26 15
16 161 4 20
97 14 4 21
25 180 180 137
186 81 130 46
5 183 131 47
84 0 132 48
163 125 37 101
0 45 38 102
165 33 96 63
31 172 97 63
71 11 98 63
157 171 99 64
176 168 115 124
70 40 115 125
16 27 91 125
166 170 91 126
24 9 91 127
174 179 91 128
53 11 91 129
152 192 92 130
163 70 28 12
2 34 29 13
34 30 184 18
198 144 185 19
71 111 185 20
181 190 185 21
48 58 185 22
39 29 199 46
152 126 15 28
13 163 105 79
43 138 180 164
186 8 181 164
78 190 182 165
12 85 85 165
141 165 85 166
30 77 85 167
155 3 84 166
32 119 84 167
40 96 125 54
185 11 126 54
44 121 127 54
183 112 126 53
26 49 126 52
10 179 167 127
158 5 167 128
76 141 168 129
163 160 174 23
78 34 174 24
14 142 174 25
139 190 111 110
35 15 144 130
58 160 144 131
188 183 90 82
38 15 90 83
66 46 195 71
185 193 195 72
50 67 195 73
8 4 195 74
34 158 99 41
89 177 89 54
145 8 89 55
134 198 89 56
176 36 163 70
7 167 164 71
31 94 91 37
189 8 92 38
84 194 65 2
198 85 109 153
36 9 109 154
30 70 168 23
96 3 62 188
154 196 62 189
10 145 62 190
26 144 188 92
161 35 188 93
8 124 188 94
199 40 130 100
43 142 130 99
197 59 42 107
43 107 130 148
189 44 130 149
10 19 89 136
68 175 89 137
179 66 89 138
30 172 88 87
185 9 88 88
8 6 130 124
93 5 78 50
192 188 79 51
38 193 163 144
9 2 121 72
155 182 122 73
168 156 5 44
186 186 170 108
99 12 170 109
1 195 171 110
19 67 172 111
120 193 73 52
3 23 73 53
122 172 74 52
90 33 75 53
175 179 75 54
99 17 76 55
2 184 43 120
175 107 43 121
66 3 106 155
53 164 144 90
192 79 144 91
194 11 161 82
110 178 161 83
195 127 47 8
182 127 97 25
194 30 97 127
194 159 40 140
190 42 27 92
3 58 27 93
5 39 41 162
151 138 42 161
49 19 43 162
181 97 44 163
69 194 45 164
174 79 24 47
187 148 58 113
6 198 58 114
184 84 59 115
12 72 70 141
135 196 71 142
194 144 40 43
131 168 18 22
33 72 137 38
187 21 138 37
19 152 139 36
153 170 147 3
47 192 84 6
164 6 84 7
25 40 68 178
13 166 74 88
2 177 199 139
91 24 199 140
149 170 76 12
160 92 12 152
9 8 13 153
113 13 45 49
24 186 45 50
18 72 166 49
176 130 167 49
43 164 9 8
182 61 10 9
173 25 86 58
11 137 86 59
117 180 161 97
12 61 161 98
126 173 110 31
179 88 49 110
62 168 49 111
167 65 46 85
36 48 166 70
174 4 17 99
99 14 199 44
163 183 198 43
17 158 198 44
189 162 197 43
78 96 197 44
7 36 132 99
190 138 150 195
29 34 150 196
86 184 150 197
167 17 150 198
50 190 150 199
32 29 151 199
106 184 151 198
80 19 151 197
94 13 54 113
17 194 55 114
181 119 29 143
43 59 29 144
156 94 29 145
13 3 30 145
182 9 31 145
188 185 32 146
40 97 131 116
175 2 132 117
29 8 141 18
17 39 135 60
151 185 135 61
198 114 90 4
0 126 91 5
143 17 74 120
159 101 48 160
66 180 49 161
16 62 40 187
196 124 41 188
50 148 41 189
170 15 41 190
182 191 74 126
63 12 75 126
140 40 31 86
189 105 67 157
4 88 68 158
4 78 137 174
75 189 81 49
93 15 81 50
160 176 110 17
16 198 106 134
182 40 17 109
160 35 5 2
158 198 5 3
151 176 41 29
23 32 42 30
115 168 42 31
15 164 102 14
148 69 103 13
171 34 26 135
9 117 51 25
183 144 108 155
17 54 109 156
1 153 105 141
70 4 105 142
15 29 111 148
63 17 48 145
196 154 49 145
44 24 49 144
157 6 69 69
199 161 70 70
60 12 67 148
186 189 67 149
26 107 67 150
197 199 68 151
5 196 69 152
69 82 69 153
5 180 69 154
28 14 70 153
50 12 192 39
151 16 147 162
5 155 147 163
189 185 147 164
13 186 147 165
191 183 148 166
179 97 63 124
17 40 63 125
124 192 197 29
113 21 198 30
140 154 198 31
60 55 198 32
152 132 198 33
9 48 198 34
199 20 198 35
37 169 59 68
184 11 59 69
184 134 34 121
36 170 34 122
178 68 33 107
123 195 34 106
12 21 35 106
143 6 36 107
112 178 36 108
1 181 38 56
161 137 39 57
8 47 170 129
17 38 142 15
155 95 142 16
54 24 142 17
31 52 9 162
181 69 58 185
149 193 67 177
3 109 166 128
29 26 66 173
129 182 66 174
134 140 50 44
3 180 50 45
95 4 51 46
55 35 193 66
157 199 194 66
199 19 107 150
165 54 9 154
13 130 47 124
199 7 47 125
33 41 47 126
124 1 47 127
52 177 48 126
3 172 64 95
188 38 64 96
88 184 51 90
191 46 51 91
129 179 52 92
32 142 60 25
165 70 60 26
51 26 136 73
161 10 12 132
4 136 12 133
100 24 80 170
160 186 80 171
82 7 81 172
112 55 169 114
109 195 14 78
120 13 14 79
169 96 106 169
57 193 106 170
141 86 106 171
77 24 10 114
28 191 11 114
10 69 12 115
183 158 13 115
155 19 14 116
147 88 38 142
180 37 92 91
78 175 93 92
0 17 60 141
9 4 57 95
176 163 58 95
41 35 177 10
142 45 43 115
165 190 140 36
153 68 33 181
70 1 33 182
173 30 128 133
1 169 128 134
177 188 89 125
26 155 89 126
99 8 89 127
43 175 89 128
149 84 13 166
2 26 48 4
126 179 49 4
3 14 50 4
38 74 150 191
66 188 176 126
82 1 176 127
168 174 176 128
30 9 176 129
49 173 127 56
93 25 22 185
13 92 97 9
128 26 97 10
57 199 147 96
56 179 15 89
199 108 16 90
80 185 167 93
54 4 103 186
191 152 102 186
8 49 103 182
56 195 103 183
153 62 89 89
38 178 130 50
16 34 188 97
154 51 83 147
0 97 2 14
199 45 2 15
187 61 104 182
35 177 193 146
167 34 62 132
105 167 49 50
151 189 38 85
124 23 126 156
89 189 126 157
138 57 34 110
0 174 35 111
162 24 99 100
154 176 51 122
193 197 178 122
67 59 179 123
22 107 162 88
171 3 162 89
132 15 91 178
23 135 92 177
46 129 189 16
117 143 182 35
15 61 182 36
7 56 166 89
26 182 197 174
131 186 129 33
51 27 130 34
35 20 144 36
182 154 145 37
59 177 145 38
113 6 145 39
160 179 145 40
181 40 145 41
130 15 113 160
22 60 147 85
195 85 148 86
4 140 117 166
146 7 118 167
159 111 58 64
26 32 5 115
165 178 6 116
182 146 48 138
38 66 48 139
35 80 100 9
153 194 100 10
167 194 123 111
13 22 123 112
57 3 119 141
4 107 119 142
29 111 168 112
198 152 169 111
162 187 59 129
38 17 60 130
167 99 39 47
8 110 40 48
17 20 58 62
194 155 59 63
75 67 195 199
190 196 107 153
24 6 145 28
188 105 146 29
12 181 146 30
139 41 12 67
23 80 184 89
58 143 170 141
155 5 170 142
111 180 19 131
176 23 18 130
45 185 18 131
188 154 18 132
104 2 53 135
58 180 115 43
16 28 115 44
49 100 123 194
142 187 123 195
149 38 124 196
31 163 177 80
178 177 178 81
67 19 179 82
56 156 189 149
184 57 190 149
183 17 108 137
21 9 116 33
189 117 116 34
12 42 116 35
114 183 116 36
0 8 116 37
89 79 117 38
185 191 117 39
162 195 158 90
44 79 158 91
7 162 113 199
157 32 114 199
191 41 57 139
162 103 77 33
65 182 78 34
152 72 78 35
32 50 78 36
103 6 171 139
0 82 98 141
177 181 91 119
69 13 91 120
188 104 29 171
158 155 28 85
18 182 28 86
87 196 163 66
164 125 136 21
19 11 136 22
192 145 193 7
114 5 193 8
184 37 176 163
108 17 10 145
151 24 85 136
122 194 85 137
178 12 117 159
119 177 98 17
146 32 99 17
125 166 38 54
186 0 39 55
19 159 147 74
168 40 93 111
45 193 93 112
171 141 78 103
19 56 79 104
24 40 151 92
142 142 32 182
4 98 32 183
176 194 33 183
91 25 186 90
111 186 187 91
78 198 41 75
144 28 41 76
39 150 41 77
184 125 42 77
49 18 43 78
16 47 196 110
151 155 196 111
6 41 197 111
152 122 198 112
176 96 45 119
15 11 45 120
172 54 45 121
17 14 46 122
57 195 47 122
182 19 1 105
5 127 118 166
148 29 119 167
118 189 65 128
177 0 65 129
46 167 65 130
147 9 161 154
147 191 161 155
84 8 160 155
85 174 159 154
106 17 160 153
158 186 26 83
16 21 27 83
60 145 28 83
158 48 29 84
164 195 29 85
168 1 29 86
5 98 118 35
139 132 43 9
92 36 44 10
70 175 74 3
193 47 74 4
51 194 74 5
159 150 54 73
9 30 56 37
195 125 56 38
24 159 116 69
116 0 116 70
198 5 185 132
3 100 186 132
146 5 185 131
114 162 186 130
131 39 86 170
193 168 87 170
2 4 88 171
72 195 146 142
188 101 146 143
36 116 110 25
123 98 2 36
179 198 2 37
36 49 2 38
193 157 3 38
160 26 11 67
5 168 12 68
8 160 77 75
8 81 169 147
58 176 76 135
196 4 77 136
7 100 120 157
152 2 121 158
17 119 101 22
179 149 101 23
129 74 177 142
4 177 178 143
18 12 178 144
74 181 179 144
28 143 192 118
193 13 193 118
91 154 194 119
55 13 31 71
75 66 168 179
196 150 169 180
166 53 97 190
31 124 145 60
196 194 189 198
30 0 189 199
141 120 31 42
77 16 31 43
121 181 32 42
23 164 92 56
188 23 93 56
35 144 94 56
155 4 142 145
0 173 143 146
110 38 149 171
193 187 149 172
110 98 150 173
5 175 150 174
122 39 151 175
30 39 78 169
198 1 134 182
191 173 135 181
144 133 32 156
37 1 32 157
64 152 32 158
133 16 32 159
175 180 32 160
137 193 84 80
68 38 85 79
2 159 185 134
3 31 74 105
159 13 70 118
41 61 71 117
176 169 72 118
138 193 23 187
75 0 24 188
40 61 166 136
37 168 55 86
175 17 55 87
186 180 129 84
115 49 130 85
91 195 130 86
198 132 131 87
130 68 10 132
93 186 10 133
52 5 11 133
49 170 11 132
48 1 74 63
130 164 75 62
10 176 122 29
29 199 15 100
168 98 16 101
79 18 17 102
20 67 103 190
194 172 192 46
81 15 192 47
49 164 129 8
134 14 129 9
91 159 130 10
22 63 130 11
144 170 131 12
137 144 88 11
114 153 45 31
58 25 45 32
152 185 45 33
197 11 148 176
61 181 149 175
176 11 165 190
20 132 165 191
198 154 166 192
21 7 166 193
170 198 166 194
145 27 166 195
135 5 73 88
12 191 73 89
195 151 42 159
50 9 128 76
31 180 129 75
125 113 130 76
77 140 160 12
163 30 161 13
192 150 161 14
29 173 113 27
190 74 104 127
29 31 104 128
8 97 71 173
159 47 72 173
9 40 177 20
10 188 178 21
144 60 25 143
96 10 48 182
124 147 48 183
4 115 13 30
159 24 13 31
148 5 102 134
193 199 102 135
21 185 191 172
194 199 87 138
76 63 87 139
171 132 87 140
117 21 22 125
11 56 23 126
180 160 100 96
6 10 100 97
193 50 100 98
72 171 100 99
152 41 100 100
12 145 26 188
185 27 27 189
6 140 114 132
196 101 114 133
50 63 108 171
42 187 186 147
180 138 186 148
73 36 187 148
174 149 103 199
35 53 104 199
5 25 29 149
194 7 29 150
137 190 30 151
18 51 77 194
190 83 77 193
55 197 77 192
160 104 77 191
190 113 61 51
60 1 129 151
41 192 130 152
94 40 130 153
144 180 130 154
37 5 131 155
11 11 166 85
152 182 166 86
130 0 163 169
2 92 164 168
60 54 156 56
99 36 137 177
198 199 138 178
93 94 138 179
21 197 138 180
164 183 93 27
27 84 154 32
178 5 155 33
103 179 36 45
9 54 37 45
147 158 18 29
7 126 18 30
150 192 19 31
126 193 46 1
10 11 79 76
7 154 102 196
83 9 103 196
38 144 104 197
182 161 104 198
40 46 105 199
63 191 122 118
150 16 122 119
73 15 122 146
152 193 122 147
193 154 78 170
4 95 78 171
68 40 166 72
186 131 167 72
175 186 106 186
75 21 107 187
6 144 108 186
71 33 44 199
184 34 56 71
13 175 99 121
49 7 103 153
49 189 161 183
187 77 162 183
13 161 163 183
10 167 168 159
47 199 90 6
14 43 90 7
118 60 101 195
49 194 101 196
77 199 107 57
57 196 149 94
194 135 140 35
23 42 141 35
193 100 37 129
126 198 55 19
94 198 107 25
2 42 107 26
76 189 117 84
8 187 130 42
147 46 130 43
56 41 72 166
197 137 73 166
42 37 74 166
93 190 198 136
144 46 198 137
197 30 147 141
149 73 37 178
68 2 107 70
163 153 108 70
37 163 105 11
165 6 22 86
53 185 22 87
23 188 147 118
133 50 62 76
22 195 62 77
175 47 63 78
50 185 151 55
148 13 151 56
1 67 28 199
171 32 29 199
197 40 128 142
5 101 75 10
145 13 75 11
148 12 25 99
105 163 26 98
187 171 199 88
40 24 199 89
13 96 198 89
183 162 197 88
150 158 121 13
92 5 12 10
70 168 157 29
170 2 157 30
11 65 58 156
181 177 58 157
4 189 99 51
151 25 99 52
74 132 98 52
185 83 97 51
44 161 86 66
117 24 86 67
167 21 86 154
141 13 43 97
160 187 43 98
40 168 109 47
2 77 102 164
176 124 102 165
43 47 102 166
54 148 148 191
197 12 148 192
166 75 148 193
5 191 148 194
199 80 148 195
4 57 148 196
54 1 13 163
168 28 14 163
43 36 1 84
180 158 1 85
196 181 66 147
9 6 67 146
12 139 176 56
79 198 182 123
22 141 126 98
6 182 163 72
77 14 162 72
23 22 30 174
193 84 30 175
123 26 52 141
40 124 52 142
132 9 53 143
25 41 54 144
123 169 54 145
58 60 54 146
119 158 11 137
150 161 96 23
1 33 97 23
187 12 81 66
143 181 137 149
2 3 137 150
94 196 138 151
3 11 119 124
11 194 92 63
127 7 93 64
142 198 94 65
51 59 199 28
85 187 199 27
134 4 55 59
199 163 55 60
163 76 56 61
9 194 57 61
148 2 58 60
38 96 59 60
153 133 24 153
71 13 19 166
50 48 81 150
193 198 82 150
77 8 167 153
137 81 167 154
21 189 167 155
39 144 174 151
186 79 174 152
139 38 112 183
198 24 86 160
137 2 14 120
52 145 14 121
169 158 15 122
164 26 87 132
91 175 87 133
4 193 164 141
185 121 133 132
8 12 133 131
157 134 112 35
69 176 68 70
147 143 3 91
30 62 3 92
16 87 173 97
164 38 173 98
162 131 36 141
46 39 37 142
96 14 125 196
107 185 135 7
125 19 83 190
8 54 136 16
72 13 110 126
138 165 111 127
25 10 88 93
28 49 163 154
199 119 164 155
152 171 84 56
187 94 21 52
45 124 22 51
193 137 23 52
3 28 23 53
132 165 23 54
164 24 24 55
62 154 24 56
180 189 130 69
7 148 131 70
75 14 131 71
135 110 131 72
25 17 131 73
3 48 108 96
194 193 122 66
185 183 175 2
81 4 175 3
107 4 113 161
32 130 114 162
183 139 114 163
158 192 104 56
137 3 104 57
55 126 105 58
14 19 128 17
199 64 128 18
119 199 129 19
16 44 173 101
107 178 174 102
104 164 82 79
20 25 83 80
135 186 84 79
2 60 84 78
39 195 52 65
154 53 70 33
38 189 70 34
157 2 70 35
7 67 110 186
10 175 110 187
151 20 110 188
180 175 62 146
134 25 62 147
145 139 51 30
196 20 175 150
104 165 176 150
184 14 29 42
7 197 86 13
41 149 161 68
122 181 64 46
145 50 65 47
36 171 65 48
97 191 144 8
110 39 144 9
174 54 20 132
84 160 134 40
189 50 134 41
143 189 134 42
70 41 134 43
143 130 134 44
8 25 134 45
7 169 2 62
175 56 2 63
40 195 2 64
138 6 2 65
135 182 12 150
33 187 77 104
139 63 76 103
125 158 23 70
82 23 23 71
12 38 114 151
148 156 115 152
194 26 116 153
91 153 116 154
170 28 193 163
75 150 193 164
74 195 29 156
146 0 30 157
60 161 170 56
22 43 148 147
167 6 148 148
157 190 102 149
41 31 102 150
3 185 112 138
128 97 113 137
180 172 152 83
89 19 153 84
121 24 93 155
8 179 94 156
52 57 197 66
182 182 102 86
7 161 102 87
33 39 102 88
172 173 102 89
21 65 103 90
171 1 103 91
173 115 86 34
175 142 75 191
159 9 78 186
175 175 161 196
5 21 162 197
49 182 189 114
131 0 190 113
65 163 189 112
196 85 63 126
34 169 63 127
145 32 63 128
127 14 188 131
18 162 125 171
114 178 13 193
2 39 13 194
126 159 195 109
38 11 195 110
19 13 179 75
187 54 180 76
56 161 193 40
192 90 96 27
35 33 97 28
116 139 10 155
16 12 11 156
177 192 64 81
21 6 92 77
86 183 92 78
167 132 199 182
22 17 199 183
47 14 66 151
158 171 66 152
57 15 18 32
181 196 18 33
62 44 18 34
151 195 182 42
121 41 183 43
5 186 183 44
167 112 184 45
43 178 92 89
44 76 157 117
169 183 157 118
181 143 49 199
21 158 91 189
136 3 121 175
87 174 121 176
8 175 71 58
176 185 105 138
77 182 35 113
119 0 36 114
5 91 37 115
69 24 88 110
4 77 104 9
173 69 104 10
51 148 104 11
20 62 187 113
184 1 191 159
15 184 191 160
153 7 191 161
38 180 81 45
8 44 189 141
157 101 189 142
77 151 174 58
1 71 174 59
170 125 175 60
48 178 113 38
6 177 137 199
41 54 23 96
197 172 24 96
17 2 25 95
15 174 107 122
187 128 108 123
19 115 193 125
172 50 194 126
70 152 194 127
189 59 165 104
17 173 166 104
7 14 145 54
121 114 146 55
186 128 83 194
198 194 97 56
2 143 97 57
45 12 98 57
152 168 99 57
17 22 100 58
68 198 100 59
99 9 31 83
169 141 31 84
22 127 32 85
185 192 32 86
80 109 32 87
88 189 62 73
144 2 16 58
20 198 90 69
187 33 96 29
1 148 95 30
190 124 94 31
59 2 143 99
50 199 134 81
78 3 135 82
27 149 155 117
32 18 103 32
189 180 103 33
176 159 105 145
22 20 106 146
172 106 53 25
60 192 45 39
47 47 184 120
188 184 185 121
15 94 185 122
183 197 80 127
88 26 81 128
148 199 31 180
195 6 32 180
127 77 28 119
4 198 28 120
151 95 28 121
8 33 153 59
88 134 182 9
19 109 99 195
99 18 99 196
84 41 146 118
154 183 146 119
62 30 146 120
172 5 63 59
3 104 43 178
184 189 43 179
90 191 117 32
42 17 118 31
106 24 1 117
11 170 2 118
62 54 141 112
156 163 141 113
164 10 139 138
14 187 139 139
80 17 102 177
163 196 102 178
24 184 15 54
167 15 15 55
35 185 15 56
132 5 175 126
25 174 175 125
190 37 176 124
53 52 129 159
185 156 130 160
11 135 130 161
194 81 116 171
66 157 116 172
135 24 18 121
3 117 18 122
16 80 148 157
184 4 81 23
101 179 82 24
14 112 82 25
196 90 83 26
50 15 83 27
179 184 89 71
19 65 172 70
173 180 172 71
18 14 172 72
144 178 173 73
8 45 173 74
136 178 174 75
27 22 76 167
37 171 76 168
143 26 101 150
185 165 102 151
103 42 199 4
6 70 48 16
21 22 159 70
182 43 159 71
78 192 160 72
11 54 160 73
133 5 178 103
2 144 179 104
178 39 179 105
199 29 184 163
23 150 185 164
192 125 166 170
21 1 166 171
11 180 166 172
120 128 166 173
41 7 167 174
129 79 168 175
35 19 189 99
54 184 190 100
132 42 190 101
61 185 190 102
143 34 190 103
16 31 95 114
46 198 95 115
144 19 29 96
91 194 29 97
103 171 190 94
35 78 185 5
187 165 83 189
14 24 84 190
152 12 35 75
192 167 36 76
192 61 36 60
103 17 29 164
176 123 182 32
52 8 182 33
1 37 1 158
37 51 184 34
172 194 54 16
72 60 145 146
175 154 146 147
102 8 70 60
17 199 69 59
6 184 126 193
125 0 126 194
128 171 181 64
23 25 181 65
21 177 32 119
169 16 32 120
13 155 29 179
178 20 29 180
56 26 26 161
151 114 26 162
16 1 93 17
193 158 94 17
187 178 62 179
60 71 63 180
186 150 87 80
107 44 87 81
197 156 98 193
19 96 99 192
20 88 199 173
40 197 199 174
143 21 199 175
20 57 198 174
199 104 198 175
13 197 23 34
42 87 199 30
10 54 161 76
186 185 58 153
169 155 98 94
83 4 98 95
182 93 76 124
12 20 76 125
114 177 76 126
166 37 76 127
177 35 124 199
28 109 127 115
183 15 127 116
24 57 128 117
182 166 128 118
46 17 128 119
147 37 43 133
34 16 188 129
51 11 72 47
184 168 73 48
26 148 73 49
191 117 90 162
174 123 50 37
195 189 112 63
30 138 165 116
171 174 165 117
79 7 165 118
1 69 102 63
142 155 103 64
18 80 104 65
97 181 191 138
8 104 125 19
95 168 161 46
174 44 161 47
37 22 158 78
108 55 28 141
159 74 62 125
19 164 62 126
193 31 199 193
78 158 199 194
168 104 91 185
182 135 15 105
38 23 141 17
195 103 142 18
31 138 153 168
164 62 153 169
147 18 20 86
189 120 75 34
58 7 61 167
72 8 100 153
79 175 100 154
24 13 101 154
165 75 102 155
14 182 60 54
132 57 60 55
49 9 133 158
158 193 133 159
166 196 141 70
20 8 141 71
149 183 86 80
185 33 11 53
15 132 76 6
160 175 68 45
124 4 57 193
31 51 134 115
81 30 179 15
177 196 180 16
165 130 17 117
50 198 73 134
162 51 74 133
172 7 167 166
140 180 167 167
91 0 168 168
26 130 87 30
136 18 187 58
11 45 83 87
184 175 83 88
38 198 84 88
19 42 119 107
29 141 123 163
15 25 149 150
132 173 149 151
199 162 196 41
59 25 197 42
1 183 12 55
184 133 12 56
142 124 40 20
7 140 130 122
192 121 131 123
192 182 170 58
17 41 170 59
194 1 76 19
75 59 119 193
181 26 44 165
70 174 45 165
73 26 151 99
56 196 151 100
80 50 65 180
176 188 65 181
187 189 78 165
151 173 99 180
34 2 99 181
49 184 154 110
180 78 67 138
198 182 85 106
52 143 85 107
174 98 85 108
4 56 86 108
187 7 179 69
38 124 179 70
186 11 131 51
93 182 132 52
10 2 97 133
178 192 156 73
12 110 155 73
69 49 69 176
154 188 69 177
8 20 69 178
132 13 9 61
180 197 10 62
4 172 174 140
114 27 175 140
1 165 176 139
11 9 40 179
189 83 41 179
188 196 96 124
18 49 67 186
177 110 14 107
196 0 34 59
37 147 192 145
76 175 194 141
46 2 194 142
143 169 194 143
29 151 194 144
115 15 194 145
9 183 146 156
151 34 21 4
6 173 21 5
4 197 19 111
132 11 50 112
154 19 181 190
7 89 181 191
166 5 188 139
53 176 189 138
125 30 190 139
130 59 194 198
16 174 47 42
182 169 47 43
36 24 48 44
140 157 136 53
22 32 136 54
164 65 136 55
21 36 139 44
173 133 140 45
71 39 9 103
194 131 10 102
18 81 11 103
147 0 12 103
33 33 13 104
195 27 121 79
179 172 118 37
195 55 23 128
22 5 116 49
110 195 116 50
156 121 3 30
195 16 3 31
18 180 3 32
154 124 3 33
10 193 3 34
142 4 3 35
76 186 127 27
24 50 128 27
111 184 192 12
3 20 98 44
22 178 125 141
142 101 125 142
59 89 36 192
189 2 37 193
31 4 175 102
198 42 175 103
129 173 175 104
77 196 127 48
78 189 148 104
14 11 149 104
146 195 150 105
15 65 150 123
199 101 150 124
26 52 151 124
116 21 9 160
146 157 100 25
60 170 48 40
16 3 48 39
128 20 48 38
63 162 47 37
3 137 71 33
124 49 71 34
183 111 37 83
61 18 9 102
97 11 141 148
58 72 114 198
143 66 58 142
198 116 42 116
0 96 43 117
1 124 165 99
34 167 8 29
42 189 48 23
145 79 48 24
61 140 48 25
168 38 48 26
29 124 131 60
141 42 132 59
1 98 133 59
158 189 132 91
196 152 62 62
21 38 120 92
189 80 121 92
104 173 35 123
172 17 35 124
80 191 49 76
16 53 49 77
93 46 49 147
12 177 49 148
71 6 16 34
154 195 17 34
18 94 119 8
154 39 45 123
172 198 45 124
101 34 45 125
120 5 31 74
65 156 31 75
32 65 115 141
192 19 116 140
134 189 117 139
12 122 118 140
108 188 28 101
4 31 28 102
194 146 101 142
1 185 101 143
141 119 101 144
157 139 20 161
69 26 21 162
150 182 21 163
198 51 22 164
75 153 96 1
24 35 96 2
104 185 51 1
177 1 79 90
128 157 79 91
159 51 191 3
5 165 192 3
198 58 47 90
22 25 96 194
135 92 63 5
13 50 166 79
175 41 167 79
198 103 57 85
45 63 57 86
70 185 84 33
55 187 63 76
174 63 64 75
167 131 11 144
47 26 11 145
160 196 11 146
157 13 166 115
16 136 166 116
192 0 129 74
22 12 24 139
192 198 24 140
177 27 182 120
48 142 181 119
183 136 33 125
90 10 135 144
187 137 135 143
33 166 42 4
41 16 176 31
194 51 176 32
97 199 32 33
145 178 53 115
71 4 42 145
59 17 108 166
165 160 108 167
8 117 108 168
97 42 19 120
136 13 32 174
16 172 62 12
191 106 52 80
0 67 87 51
128 160 112 80
31 8 113 81
154 70 90 141
15 128 125 51
93 21 80 144
176 181 92 129
32 168 57 44
158 194 166 25
39 129 167 26
4 42 180 21
143 89 180 22
46 162 181 23
33 140 148 173
176 15 148 174
144 5 60 79
64 64 167 159
107 190 168 160
170 4 96 118
95 187 97 118
134 135 14 96
39 25 14 97
136 153 14 98
4 83 15 97
140 11 16 98
80 156 187 41
45 110 117 171
143 11 108 79
43 187 108 80
8 26 3 141
184 111 4 140
7 170 147 194
170 23 162 138
6 91 163 138
7 145 152 89
194 171 152 90
44 34 199 92
199 196 199 93
14 58 199 94
159 142 199 95
20 108 97 136
197 2 97 137
11 134 97 138
172 44 3 85
186 176 157 11
38 22 8 151
10 194 162 94
3 193 114 51
159 115 97 33
3 67 90 32
168 130 90 33
44 180 27 65
175 14 27 66
182 62 95 8
40 180 95 9
143 147 95 10
19 160 20 53
132 23 19 52
23 177 146 44
31 106 148 145
178 50 149 144
81 187 11 62
184 116 12 63
18 194 46 80
70 20 47 81
138 164 48 82
49 35 171 100
122 189 171 101
196 36 45 36
41 186 45 37
90 134 196 43
17 25 195 42
164 112 195 43
3 136 194 43
167 56 72 1
71 7 161 110
22 166 162 111
24 150 80 19
166 102 105 36
186 68 76 149
33 5 77 148
9 189 53 72
131 4 81 89
91 166 82 90
164 3 58 45
18 133 59 46
0 2 41 183
193 182 41 184
101 11 41 185
142 133 41 186
41 48 42 187
3 178 42 188
194 33 42 189
77 181 43 188
30 8 44 189
135 120 45 190
185 44 46 133
16 176 46 134
197 56 47 135
15 107 88 152
157 197 88 153
48 55 88 154
88 7 39 120
48 136 39 121
113 140 166 38
197 128 84 27
36 173 85 26
36 178 192 137
154 26 192 138
4 184 192 139
194 79 21 136
10 117 131 37
166 166 132 38
17 66 132 39
54 191 138 131
159 7 138 132
125 2 179 162
13 63 81 194
171 197 81 195
33 11 63 158
35 182 63 159
147 107 64 159
32 193 38 87
197 89 38 88
58 88 38 89
198 141 38 90
19 183 12 65
152 16 13 66
59 164 160 70
98 137 8 199
159 160 85 62
63 19 86 63
146 199 13 173
125 38 14 174
5 193 14 175
190 115 14 176
194 178 48 156
193 62 111 126
58 146 112 127
170 163 112 128
60 18 111 128
84 24 167 56
189 191 168 56
160 5 196 131
198 115 43 150
47 103 44 151
152 10 188 14
33 195 189 14
152 17 190 15
44 122 190 16
130 186 174 114
161 2 88 168
7 32 97 166
176 175 86 27
27 4 86 28
101 16 181 147
120 191 18 140
160 184 173 14
114 61 15 171
28 151 183 173
126 38 183 174
20 191 178 155
179 186 32 154
67 44 32 155
35 50 147 95
172 49 160 179
45 163 13 129
191 4 13 130
29 88 13 131
184 182 14 132
192 191 138 65
56 78 139 66
82 191 18 153
180 46 18 154
44 109 140 198
100 0 141 198
156 183 142 199
67 27 34 181
175 10 160 51
36 196 161 52
181 81 162 53
189 67 93 59
22 4 93 60
58 21 164 122
182 129 42 70
35 186 43 69
195 0 44 68
61 101 45 68
184 72 30 141
112 20 127 128
7 185 128 128
23 125 104 86
89 0 144 148
196 186 144 149
11 49 145 150
180 49 114 137
12 142 115 138
159 38 115 139
27 69 169 131
159 39 170 132
13 117 170 133
35 14 156 59
188 64 65 102
2 199 65 103
91 38 8 142
107 0 190 187
24 181 191 186
64 157 105 8
153 45 105 9
20 137 116 118
175 77 117 117
42 24 118 117
65 199 119 118
125 162 149 80
5 16 150 81
16 9 82 108
180 193 82 109
37 8 153 18
65 17 141 69
52 190 159 73
154 71 159 74
0 119 136 122
34 143 83 11
175 38 88 161
155 26 12 163
105 146 8 178
0 48 8 179
140 10 8 180
150 134 94 11
151 192 142 25
15 131 143 26
36 16 143 27
192 58 143 28
21 97 143 29
159 34 143 30
20 59 87 162
192 153 87 163
14 2 129 128
64 185 62 38
160 82 62 39
8 159 137 107
2 6 42 118
150 175 42 119
7 83 180 144
169 3 25 86
185 127 94 38
102 25 47 194
13 15 23 99
68 199 24 99
46 10 24 98
148 27 36 102
73 132 37 103
192 76 37 104
32 165 38 105
16 32 38 106
4 32 172 99
177 185 172 100
96 31 172 101
54 12 56 117
149 168 57 118
37 185 115 193
169 65 116 193
189 26 122 103
43 196 122 104
179 145 122 105
118 188 83 39
193 5 83 40
54 26 167 150
163 146 118 42
71 3 118 43
155 7 143 181
191 131 143 182
25 21 143 183
95 198 143 184
31 50 144 185
90 185 44 92
27 57 120 142
13 28 194 65
180 192 32 56
85 24 33 57
14 118 186 49
89 123 183 186
16 13 183 187
44 197 136 170
137 13 136 171
29 28 137 172
179 110 138 173
186 193 185 128
16 19 185 129
1 189 185 130
143 158 80 138
12 44 80 139
157 91 27 14
14 143 143 132
167 196 144 133
128 33 34 166
195 66 53 21
22 193 53 22
196 105 113 34
176 71 149 4
8 61 161 133
1 93 68 28
107 188 68 29
197 131 142 69
62 0 142 70
82 70 185 6
190 13 185 7
71 112 185 8
195 18 185 9
159 8 145 86
42 81 155 122
185 42 156 123
28 21 9 84
191 147 9 85
131 30 50 14
194 41 155 173
95 151 155 174
170 182 69 82
22 78 70 83
1 198 137 117
3 72 137 118
189 104 138 117
149 101 48 10
57 0 48 11
62 152 48 12
151 69 43 127
122 25 87 180
169 163 87 181
145 173 90 146
190 165 72 109
11 69 55 82
166 199 55 83
2 83 56 84
73 172 56 85
164 170 171 61
133 199 25 47
3 118 25 48
160 128 197 9
43 32 197 10
13 189 2 130
144 45 2 131
154 40 149 131
26 177 149 132
35 28 109 172
166 153 109 173
8 13 109 174
199 53 74 143
160 91 31 165
14 183 39 34
147 155 128 29
0 39 128 30
19 44 94 143
163 145 95 144
198 191 90 94
196 125 17 115
189 194 36 87
58 33 138 188
184 66 139 189
19 117 139 190
22 143 148 99
157 0 149 100
101 65 180 152
171 181 181 153
10 30 181 154
121 182 71 101
36 7 71 102
133 188 114 66
18 25 88 37
143 187 89 38
20 92 64 119
199 199 65 120
114 33 66 120
19 182 136 84
49 197 61 66
53 174 50 55
171 26 50 56
60 180 27 12
149 12 161 88
39 180 161 89
12 104 144 163
187 23 145 164
17 157 145 165
160 65 145 166
169 189 26 197
26 65 27 197
34 19 109 125
26 178 167 112
185 101 167 111
56 63 168 110
197 138 169 110
13 107 136 106
181 181 136 107
29 122 136 108
173 185 136 109
192 5 136 110
79 138 136 111
182 149 136 112
111 170 146 47
34 41 147 48
100 34 153 105
7 188 153 106
156 162 153 107
175 26 153 108
194 196 154 108
149 105 26 164
131 22 139 188
37 122 140 189
5 143 53 70
170 27 53 69
80 181 4 100
189 97 4 101
42 1 4 102
190 86 4 103
4 54 4 104
197 103 4 105
39 151 151 6
30 150 142 198
145 61 141 197
187 121 14 86
33 176 15 86
167 62 16 87
0 115 17 87
177 16 166 180
36 142 166 181
118 153 46 50
52 21 116 117
174 88 117 116
26 29 118 116
80 164 119 116
61 1 120 117
195 54 121 116
46 184 119 60
128 13 120 61
196 183 171 91
88 190 99 50
66 18 135 71
198 146 136 72
45 41 159 144
140 152 84 4
178 42 34 153
128 5 72 86
186 55 15 164
126 44 39 14
16 177 40 15
168 185 40 16
25 101 40 17
51 160 177 130
37 98 116 8
155 25 116 9
110 132 117 10
0 76 120 30
182 167 121 31
177 21 121 32
10 79 106 75
190 197 107 76
197 77 121 162
76 194 122 162
175 162 48 17
27 63 49 18
49 0 5 101
182 92 6 102
70 171 186 101
173 195 196 66
2 94 98 48
161 147 99 49
143 58 13 19
20 157 13 20
153 165 139 8
4 27 139 9
9 67 40 136
15 125 79 133
191 18 79 134
99 150 79 135
156 9 164 199
22 103 165 199
54 177 92 28
137 154 190 40
53 44 190 41
140 163 190 42
75 49 191 42
27 173 192 43
116 91 193 44
16 162 194 45
191 195 194 46
51 53 194 47
148 155 184 76
50 30 184 77
29 93 111 163
113 188 112 164
61 4 112 165
25 71 103 109
179 183 104 110
35 85 116 191
52 59 142 160
153 34 118 145
193 73 4 90
162 189 85 43
50 159 190 105
183 27 190 106
13 35 156 88
60 168 16 70
170 162 47 85
11 15 48 86
172 176 69 63
15 4 87 98
191 194 87 99
80 176 106 114
166 14 106 115
40 128 107 116
175 49 107 117
188 192 107 118
57 43 107 119
62 174 157 37
98 183 175 94
1 24 18 143
103 191 24 121
185 82 24 122
92 167 24 123
167 86 25 124
12 193 89 36
188 78 89 37
129 178 121 18
26 31 121 19
185 190 78 146
37 143 79 147
119 6 80 148
0 1 136 24
28 166 137 25
195 144 137 26
9 46 158 15
197 162 159 16
52 162 127 82
21 12 94 98
164 192 95 99
181 121 64 18
62 16 65 19
174 159 169 29
51 70 169 30
83 198 170 31
124 2 170 32
40 190 94 162
182 29 95 163
181 4 113 130
95 147 163 39
123 37 110 139
105 182 49 94
16 11 50 95
143 88 11 149
68 154 12 148
6 0 13 149
10 146 51 153
193 1 51 154
54 49 27 160
184 183 28 161
194 86 29 162
16 163 30 163
83 191 174 37
110 167 113 55
12 14 113 56
166 175 7 113
139 181 88 40
114 14 138 137
85 189 137 136
7 128 59 81
12 182 117 110
186 88 61 1
21 54 61 153
182 162 57 106
160 45 168 182
35 179 169 183
7 6 53 88
25 199 53 89
191 116 90 89
14 199 90 90
43 191 164 186
39 166 180 48
102 24 181 111
17 89 163 180
155 70 63 28
7 155 63 29
109 191 137 51
56 54 137 52
106 198 138 52
81 36 183 108
25 140 120 163
174 52 119 162
69 199 119 161
188 61 120 160
178 3 137 72
133 179 29 100
2 48 128 184
138 22 122 88
9 180 123 89
192 174 57 30
52 182 57 31
13 1 3 60
140 196 4 61
71 2 4 62
93 178 4 63
11 97 4 64
141 36 4 65
13 80 161 71
140 179 161 72
184 162 64 50
14 20 8 166
198 13 8 167
36 153 54 3
71 10 32 135
112 184 32 136
139 158 55 22
171 146 15 80
47 182 16 80
189 12 16 79
185 14 193 186
8 23 19 129
127 156 20 129
154 118 21 74
8 32 138 156
158 182 139 156
193 2 140 157
139 199 140 158
23 36 83 2
165 157 83 3
169 198 178 38
11 109 178 39
187 99 177 39
121 188 13 197
198 46 13 198
2 7 7 108
154 127 8 108
171 68 27 81
185 75 93 110
10 21 94 111
192 73 94 112
139 185 95 112
181 55 96 113
4 168 68 117
18 15 18 137
180 0 87 199
11 167 88 199
155 55 89 198
79 150 10 69
199 58 10 70
174 195 93 54
194 72 121 34
28 181 121 35
127 62 121 36
182 12 90 99
71 0 124 137
181 2 162 86
51 174 163 86
32 11 98 83
141 166 98 84
14 23 105 96
168 46 105 97
40 129 105 98
34 159 103 61
82 6 183 152
108 193 184 153
27 68 184 154
168 103 184 155
14 4 184 156
188 138 178 12
9 9 179 13
66 192 180 14
156 30 111 108
47 198 112 108
122 41 145 183
8 95 145 184
35 3 5 133
199 148 38 118
34 22 39 118
5 52 69 156
159 43 77 138
13 171 78 139
66 190 127 62
165 79 128 63
40 40 129 64
167 119 130 65
186 34 94 62
36 115 95 62
52 14 173 125
2 170 160 192
190 108 161 193
53 8 119 143
60 62 154 140
181 150 154 141
37 39 107 96
82 135 174 31
187 35 174 32
45 186 108 47
126 27 109 48
38 6 23 168
146 90 23 169
39 86 154 142
185 199 155 141
188 20 114 169
190 194 88 75
161 70 89 76
64 191 89 77
168 81 9 2
171 2 128 186
105 154 128 187
72 19 129 187
70 21 35 153
17 178 36 153
168 153 55 95
98 28 56 96
23 185 56 97
54 0 56 98
95 196 25 192
3 0 26 193
148 108 27 194
189 79 27 145
19 46 27 146
12 147 141 39
4 162 52 121
131 45 53 122
19 156 100 57
48 193 149 165
149 21 150 166
126 189 150 167
44 41 150 168
180 33 46 70
17 197 47 70
48 0 92 142
147 122 92 143
175 156 123 13
178 153 83 85
196 189 154 82
4 118 155 83
129 193 112 77
194 42 113 77
27 161 114 77
199 99 115 78
101 20 158 132
40 4 108 74
149 122 108 75
26 10 108 76
16 88 199 126
180 114 199 125
13 7 199 124
191 76 199 123
143 118 153 4
191 89 129 25
28 132 129 26
13 190 73 3
63 69 73 4
0 55 147 133
65 1 46 151
194 61 46 150
193 148 79 118
151 161 16 78
33 110 15 77
14 87 115 105
152 197 115 106
47 71 115 107
175 6 115 108
43 124 115 109
47 21 137 139
133 14 17 145
44 104 182 101
141 4 182 102
79 24 142 177
30 158 156 161
147 68 156 162
182 193 83 146
22 68 97 90
185 185 98 91
114 4 34 140
184 70 46 141
137 55 38 172
115 46 52 138
4 199 197 176
191 180 43 66
179 195 169 44
153 156 66 89
41 12 67 89
119 175 68 89
63 26 130 83
181 183 130 84
63 0 85 182
34 184 102 11
141 192 66 155
94 9 67 155
72 147 68 154
176 6 68 153
75 81 67 152
198 39 66 153
37 58 151 95
190 121 152 95
148 39 153 96
97 196 169 133
176 9 169 134
172 177 46 161
158 145 59 25
0 89 36 163
195 123 37 163
76 80 38 164
179 169 39 165
8 62 132 41
26 44 180 105
53 191 160 137
117 115 27 175
182 67 91 183
190 72 85 117
15 21 85 118
137 197 85 119
185 17 85 120
6 129 85 121
143 116 86 122
111 6 187 75
51 193 188 76
168 189 49 81
197 62 128 26
42 175 127 25
6 149 63 69
198 88 64 69
52 1 17 86
199 138 26 113
0 92 26 114
162 62 27 115
0 6 31 167
101 6 46 175
120 173 75 32
49 23 75 33
170 151 76 34
161 34 78 150
177 193 44 107
174 180 114 20
4 186 128 89
181 53 129 90
24 102 69 159
199 1 69 160
71 88 69 161
148 7 69 162
82 190 69 163
26 61 70 162
179 187 71 163
87 22 71 164
23 62 71 165
165 192 72 164
14 186 150 147
197 63 151 148
198 48 28 59
8 136 28 60
14 93 145 6
15 30 126 117
44 105 157 70
194 10 157 71
22 149 145 49
174 1 192 185
66 5 134 65
192 141 134 66
137 12 134 67
116 198 135 68
118 26 135 69
59 181 104 136
132 10 105 136
185 39 100 126
52 134 100 127
61 192 68 1
173 107 68 2
11 168 6 8
159 40 6 9
12 36 130 6
125 3 82 159
143 168 82 160
191 22 83 161
2 113 84 162
22 24 144 157
186 135 58 94
5 174 112 44
102 197 35 85
188 127 36 84
153 191 114 104
103 3 115 103
192 18 142 136
13 139 143 136
77 139 165 50
3 187 71 97
187 17 88 142
154 198 89 143
14 51 113 177
131 147 53 44
7 41 175 22
95 152 175 23
144 23 175 24
120 4 13 175
10 169 126 181
78 5 127 182
123 93 127 183
18 186 127 184
185 18 126 183
45 42 126 184
110 199 126 185
28 22 10 100
155 175 10 101
58 84 181 48
196 44 71 51
49 198 71 52
9 168 77 90
177 76 77 91
150 23 130 196
8 107 130 197
186 20 136 115
4 147 137 115
156 27 138 116
15 127 138 115
197 190 138 114
20 184 170 120
170 148 143 96
11 16 143 97
166 187 62 181
111 175 83 48
12 24 84 49
41 56 106 144
165 195 106 145
89 25 88 182
192 126 44 188
52 187 38 59
101 5 38 60
41 187 38 61
195 60 39 62
173 16 56 23
176 105 58 169
193 116 84 152
29 184 84 153
18 1 138 135
186 151 71 133
182 97 78 95
15 40 78 96
29 91 82 197
162 148 82 198
139 79 54 179
196 39 40 33
151 23 124 95
27 167 124 96
70 71 124 97
116 182 95 16
60 15 62 95
196 172 62 96
158 28 65 135
61 104 66 136
14 154 139 96
123 18 140 97
10 120 141 98
143 40 198 133
162 33 2 139
60 154 3 140
105 12 4 139
165 82 40 108
31 5 40 109
191 189 100 112
43 4 100 113
17 152 117 75
116 192 92 18
34 160 111 191
196 58 111 192
45 18 112 193
186 24 123 128
9 60 124 128
149 66 125 127
10 185 125 126
195 150 124 125
74 11 124 126
167 38 57 120
160 25 4 143
63 46 8 150
137 181 9 149
28 18 10 149
139 131 11 148
76 17 188 108
32 151 137 47
198 41 137 48
7 47 129 153
29 125 188 162
87 192 67 81
147 33 67 82
26 118 188 136
176 70 188 137
64 154 188 138
87 6 187 137
186 17 192 114
37 164 192 115
45 177 109 62
162 28 108 72
57 188 108 73
187 130 109 74
57 39 109 75
48 198 110 75
135 78 111 76
192 7 60 12
63 137 60 13
64 165 162 24
158 190 163 24
174 74 49 172
24 183 49 173
169 71 40 105
12 105 41 106
23 133 144 72
165 18 33 105
15 175 63 122
152 65 64 122
166 137 55 117
16 84 55 118
11 169 36 26
156 91 64 169
78 6 64 170
84 187 64 171
99 188 35 38
199 111 36 39
33 7 37 39
163 197 38 40
162 186 127 110
19 72 127 111
176 112 42 85
18 42 42 86
190 145 42 87
13 40 117 90
108 169 118 90
165 96 72 57
172 67 34 48
141 158 73 97
44 0 74 98
193 49 74 99
170 96 28 31
2 52 29 32
158 176 21 194
38 47 21 195
75 109 192 5
22 15 192 6
195 131 192 7
112 49 192 8
15 120 193 9
47 148 24 69
158 25 24 70
34 152 177 108
184 99 177 109
3 142 50 12
114 13 51 12
36 167 52 13
174 189 52 14
4 6 40 168
163 159 146 101
15 38 146 102
94 8 159 132
113 198 88 26
65 107 161 31
194 194 108 114
68 34 10 185
182 56 10 186
61 176 10 187
174 145 10 188
33 44 188 31
161 158 189 31
162 5 127 153
63 111 127 154
189 62 127 155
4 144 188 153
163 34 188 154
34 7 148 133
185 77 102 176
11 192 34 147
161 27 35 148
21 55 123 10
160 134 92 30
27 41 92 31
141 154 112 13
52 72 66 167
186 184 66 168
51 92 66 169
184 46 130 168
100 155 130 169
21 14 130 170
85 68 1 176
42 191 1 177
0 68 165 155
127 162 165 156
30 12 165 157
174 101 164 156
70 164 150 104
163 14 151 105
175 167 94 157
11 0 95 158
162 167 95 159
186 80 22 27
24 74 23 26
74 157 129 4
56 7 23 166
101 12 84 137
13 177 83 136
37 24 83 137
157 188 83 138
88 66 155 158
26 186 156 158
181 6 169 193
18 6 71 159
148 125 72 159
125 39 127 130
3 156 128 131
146 67 49 6
185 40 76 10
41 103 77 11
120 2 77 12
41 197 77 13
188 188 77 14
87 171 12 44
193 58 12 45
74 7 139 79
185 117 140 80
184 186 132 107
107 13 133 108
18 110 133 109
27 7 93 50
188 181 93 51
35 74 93 52
106 22 78 189
133 151 78 190
21 35 79 191
39 123 164 57
41 180 124 159
184 20 125 159
36 36 28 178
171 129 28 179
131 192 28 180
131 196 134 77
93 191 132 69
140 0 133 70
5 102 133 71
7 123 192 135
75 196 192 136
22 53 193 137
76 43 133 166
181 104 134 167
24 68 73 164
98 199 170 88
138 15 170 89
30 84 170 90
184 96 170 91
23 7 170 92
182 6 170 93
145 2 93 94
184 141 68 196
75 57 69 197
1 111 82 158
192 149 82 157
13 37 82 156
135 56 83 155
190 181 29 88
34 126 30 89
146 154 31 89
98 4 138 158
181 163 138 159
3 169 36 16
168 190 36 17
72 138 36 18
143 10 36 19
154 181 36 20
74 34 37 21
12 121 37 22
149 34 37 23
197 161 109 131
21 108 109 132
25 189 69 55
120 116 176 20
14 21 176 21
199 67 176 22
27 168 176 23
2 24 66 21
123 183 66 22
18 105 124 194
190 11 185 159
79 190 185 160
159 48 185 161
185 141 51 32
20 124 137 44
30 195 133 168
2 8 121 97
184 158 128 51
170 130 87 33
50 27 86 32
172 10 75 194
4 191 158 160
156 32 159 161
39 85 179 99
183 49 180 98
18 165 181 99
154 8 133 150
169 170 133 151
45 24 133 152
39 168 147 26
113 74 147 27
183 118 76 65
5 135 76 66
152 47 134 148
26 132 134 149
15 161 88 70
197 13 88 71
71 186 190 3
24 28 29 4
190 169 29 5
58 147 182 14
126 160 7 83
22 156 161 149
150 6 161 150
199 49 180 187
14 198 180 188
11 44 164 78
32 190 87 3
114 7 88 3
149 176 87 20
183 38 79 73
147 106 66 26
23 161 66 27
29 99 160 14
171 168 80 14
17 124 81 15
102 28 82 16
31 186 82 17
20 197 160 199
171 20 111 157
43 11 111 158
190 188 89 87
168 99 9 129
28 128 9 130
41 30 104 163
116 159 104 164
60 61 104 165
172 133 146 185
44 137 53 37
51 184 117 15
179 193 162 67
54 122 162 68
162 44 163 68
49 25 66 103
197 173 67 104
31 129 117 97
178 8 134 73
55 132 135 74
152 4 154 125
44 169 155 126
194 78 155 127
7 109 155 128
182 186 91 100
79 176 68 57
164 56 69 57
162 170 126 75
4 7 126 76
55 174 131 42
178 129 131 43
183 72 7 124
51 168 8 124
145 96 84 194
28 177 84 195
156 178 105 132
30 52 106 133
189 139 59 82
14 49 59 83
147 77 19 105
37 196 19 106
145 29 19 107
36 133 19 108
189 15 176 112
100 165 176 113
5 130 181 166
32 175 191 117
109 49 192 116
178 184 193 117
33 19 194 118
8 188 73 6
122 178 74 7
195 22 74 8
129 30 97 1
6 185 97 2
174 96 75 29
45 23 180 93
139 122 180 94
65 10 180 95
193 72 92 5
62 183 29 119
144 0 30 120
14 22 120 22
92 186 120 23
136 174 183 27
54 91 183 28
169 9 91 162
147 52 122 117
0 176 123 118
173 155 110 78
62 1 109 79
23 139 177 77
180 113 178 78
58 187 179 79
10 97 101 128
135 13 101 129
74 150 14 90
179 16 14 91
23 170 14 92
132 148 26 28
20 183 122 46
158 46 122 47
167 191 122 48
122 174 43 76
1 178 154 174
97 73 154 175
123 24 33 190
161 15 86 78
194 156 44 119
28 87 44 120
184 6 44 121
103 172 44 122
16 191 33 97
180 162 189 41
108 7 188 40
1 25 61 176
192 169 57 127
55 124 58 127
195 4 59 127
91 172 153 80
190 59 154 81
5 198 155 82
34 26 106 159
181 108 107 160
4 13 152 100
32 89 97 149
2 2 159 111
51 147 160 112
187 16 160 113
158 23 69 44
53 152 70 44
178 40 45 73
72 151 45 74
7 159 72 191
126 21 72 192
195 180 170 96
19 32 170 97
169 135 74 67
31 90 74 68
69 71 194 183
199 96 194 184
143 82 6 199
20 20 193 71
129 80 193 72
22 3 180 101
143 149 181 101
101 49 175 130
182 38 51 37
19 112 51 38
75 190 114 98
71 77 161 140
187 152 161 141
105 18 62 97
30 168 84 131
151 160 113 39
174 6 114 40
57 33 21 146
25 193 21 147
81 2 22 148
94 197 152 56
26 189 40 66
158 122 41 67
1 10 41 68
115 184 41 69
185 91 27 102
82 161 27 103
185 58 28 104
4 185 28 105
189 53 142 133
29 160 143 134
186 108 143 135
141 170 5 49
1 4 5 50
193 18 58 56
73 143 58 57
16 192 58 58
196 17 59 59
122 36 5 191
63 87 181 4
116 194 175 35
11 27 175 36
38 192 175 37
52 199 149 115
185 137 149 116
27 28 144 31
139 154 144 32
168 136 64 98
129 76 46 188
167 180 46 189
43 186 35 41
187 97 35 42
2 166 76 50
12 39 132 82
173 170 133 83
196 195 136 187
30 19 137 186
162 84 41 41
38 35 41 42
110 177 41 43
10 5 94 92
154 33 94 93
114 190 57 78
11 29 57 79
75 182 23 4
79 199 99 36
120 14 99 37
31 148 99 38
162 37 100 39
46 190 79 50
195 7 80 51
22 57 142 112
77 185 142 113
196 6 160 76
70 182 160 77
23 147 172 132
174 168 172 133
11 37 172 134
192 108 172 135
86 180 46 59
