8 10 175 198
15 184 184 2
21 7 198 155
189 184 16 15
11 0 175 168
199 196 44 35
193 182 1 3
175 178 58 14
4 12 136 188
194 191 20 37
198 12 39 184
180 0 87 199
9 27 166 166
197 172 41 55
24 9 166 171
6 153 188 51
196 186 89 1
167 15 24 185
18 14 173 181
2 3 143 182
9 194 163 77
16 176 185 45
33 195 152 11
194 33 3 179
197 2 20 109
174 198 30 21
188 181 27 8
33 7 199 112
173 180 20 66
27 4 176 176
140 196 13 2
36 196 176 11
19 152 187 22
5 191 166 76
4 147 186 21
195 0 35 187
1 11 166 127
188 23 23 165
188 25 38 199
154 26 36 179
25 174 132 6
7 168 170 62
180 199 45 93
181 196 57 16
184 20 41 181
36 188 112 25
53 11 174 180
166 199 11 70
3 28 193 138
3 14 126 180
141 170 5 49
186 8 43 139
168 174 82 2
177 185 4 33
40 195 175 57
172 192 60 92
194 31 9 144
187 23 12 105
190 169 24 29
14 11 78 190
38 189 154 54
34 177 194 9
1 10 159 123
22 195 133 51
36 49 179 199
12 11 177 67
182 187 84 83
3 23 120 194
24 171 109 19
166 153 35 29
185 195 29 25
161 10 12 132
14 1 85 84
8 32 137 156
182 166 24 58
196 154 63 18
180 193 16 10
191 4 45 164
2 144 133 6
6 10 180 161
8 16 164 140
179 16 74 151
10 171 175 6
9 9 188 139
180 192 31 57
164 168 64 28
8 187 130 42
11 37 174 169
9 6 196 182
193 168 131 40
177 0 118 190
1 150 151 4
186 189 60 13
5 183 186 82
16 140 177 44
152 168 45 13
4 189 98 51
158 186 26 83
99 12 186 187
22 0 189 130
3 0 95 197
188 184 47 48
189 123 0 13
11 11 166 85
193 47 70 176
158 5 10 180
9 11 90 165
5 193 125 39
175 14 44 181
154 188 69 50
193 13 28 144
167 17 86 185
43 181 146 40
199 199 20 93
190 59 91 173
179 187 26 62
45 11 195 188
135 186 20 26
40 16 168 185
10 193 154 125
181 26 44 165
193 7 30 84
29 37 122 166
177 178 18 72
18 186 124 93
191 194 15 5
107 0 190 187
18 180 195 17
18 5 163 103
172 173 33 40
114 183 12 43
199 19 107 150
19 30 104 187
4 186 127 89
8 45 144 179
151 176 41 29
8 8 173 71
16 19 186 194
13 5 122 197
71 186 190 3
3 100 198 6
189 117 21 10
190 170 178 68
5 22 170 70
32 1 159 116
13 22 168 195
47 192 84 6
185 193 66 47
137 197 15 22
136 13 32 174
151 1 27 88
8 195 109 102
30 199 199 40
12 193 88 36
193 178 65 43
49 9 132 158
198 180 88 71
199 179 12 81
41 187 101 6
25 21 192 132
15 25 149 150
6 198 187 149
35 123 183 14
22 3 180 102
140 196 60 93
13 7 180 115
175 162 47 17
184 10 64 168
25 7 150 150
2 8 120 97
192 149 1 112
27 161 194 43
16 187 89 14
21 24 192 196
185 17 15 23
16 11 105 183
197 11 148 176
30 0 196 195
17 197 180 34
188 183 90 82
189 12 47 183
14 27 117 185
11 194 91 63
176 23 111 181
188 105 25 7
54 4 103 186
185 58 82 162
20 183 121 46
178 184 109 50
44 169 153 5
1 148 188 34
165 6 21 86
1 179 150 60
165 17 58 184
7 167 176 37
177 194 35 37
79 190 190 12
12 142 180 50
199 161 158 7
44 193 184 64
178 20 13 156
198 7 30 125
13 71 160 193
191 170 0 131
69 199 174 53
199 7 13 131
16 182 83 12
170 162 46 85
47 26 167 132
187 77 49 190
10 176 122 29
191 18 16 125
6 182 163 72
188 38 3 173
9 2 121 72
57 142 183 21
32 190 86 4
114 27 4 173
171 42 3 146
196 17 16 193
9 65 198 177
37 196 147 78
199 67 14 22
171 197 13 64
5 168 160 27
15 119 189 17
46 190 78 52
18 42 176 113
191 189 99 112
43 196 189 27
53 176 166 6
12 20 182 94
50 185 151 55
151 155 16 48
16 37 141 191
190 28 85 86
9 84 196 150
5 155 151 17
175 7 45 117
152 136 19 34
171 181 101 66
177 155 51 24
41 12 153 157
5 186 121 42
192 86 7 147
43 193 197 2
28 18 137 182
26 12 139 147
198 36 63 177
15 191 164 93
15 161 89 70
29 88 46 165
163 24 99 157
195 22 122 179
4 191 157 162
4 198 127 78
187 128 15 175
34 169 197 86
21 171 135 27
3 160 155 15
5 47 185 158
193 186 68 26
173 170 12 40
32 57 166 134
28 181 194 73
131 0 49 183
70 168 157 29
63 3 197 115
27 93 142 198
22 193 195 67
197 137 56 42
194 68 53 190
116 194 175 35
199 1 24 103
193 1 10 147
153 168 66 76
3 34 110 194
14 181 167 95
14 49 189 140
199 49 180 187
191 195 16 163
82 7 160 187
47 190 178 86
180 25 26 155
153 56 5 183
174 52 24 140
69 13 177 182
110 178 194 12
77 10 7 188
36 194 63 7
74 5 183 153
185 188 77 7
162 33 2 139
166 14 80 177
63 176 108 7
155 20 26 112
159 191 49 75
189 191 84 25
166 196 141 70
198 194 97 56
32 151 137 47
15 127 156 28
3 193 114 51
145 13 5 102
161 35 26 145
4 175 119 28
9 46 158 15
77 181 3 180
28 143 193 118
155 182 121 73
10 0 66 77
34 17 194 117
184 6 28 88
12 24 111 176
22 12 24 139
21 1 192 126
152 41 72 172
12 34 133 146
199 148 38 118
157 197 15 108
182 78 39 146
174 74 48 172
21 12 93 100
152 16 19 184
178 28 72 167
10 61 191 44
14 186 149 147
188 64 65 102
185 11 40 97
25 173 127 69
15 193 103 15
30 12 127 163
195 150 10 186
28 49 162 155
155 31 58 131
152 197 14 88
164 10 139 138
1 169 173 31
50 30 148 156
43 4 99 113
165 192 23 63
7 197 86 13
155 4 142 145
2 177 199 139
17 75 52 23
80 183 20 4
57 11 169 180
165 149 18 37
29 160 189 54
13 171 159 44
83 191 173 37
42 1 189 98
13 28 193 65
189 180 32 19
17 2 40 56
5 21 176 174
175 61 14 185
11 170 106 25
185 183 176 2
16 21 27 84
66 19 20 38
191 22 143 169
0 174 138 58
31 172 165 34
186 59 79 197
160 153 25 2
186 184 52 73
64 27 194 131
0 68 165 155
114 13 3 143
133 199 25 47
184 175 11 46
36 171 145 51
198 199 99 37
144 180 94 41
75 67 195 199
182 191 74 127
29 34 190 139
159 179 84 15
63 19 159 161
150 161 95 23
49 164 128 8
59 0 161 106
3 165 189 190
155 183 197 43
7 47 129 153
49 23 120 174
101 196 64 12
9 131 197 46
195 7 79 52
193 50 180 162
171 34 26 135
170 15 50 149
175 179 90 34
96 3 62 188
192 18 142 136
167 62 33 177
2 6 42 118
184 168 51 12
24 57 184 14
137 2 14 120
192 189 55 30
197 27 112 136
14 42 177 165
22 20 176 160
167 112 120 43
189 166 18 102
62 1 173 156
190 181 30 88
193 2 158 183
185 27 12 146
146 7 4 141
151 138 5 40
10 3 186 14
31 148 121 15
81 2 25 194
6 185 129 31
170 27 5 144
16 27 91 125
115 137 2 31
169 43 38 157
194 10 44 106
26 61 83 191
180 114 16 87
149 21 48 194
145 32 198 85
41 31 157 191
75 0 138 194
165 178 26 33
35 177 193 146
9 4 57 95
15 164 102 16
191 16 105 193
8 19 181 80
199 15 164 182
4 7 163 171
10 21 185 76
192 182 170 58
144 28 78 199
0 167 110 104
5 194 98 61
121 28 14 181
149 122 40 5
164 192 94 101
182 169 16 175
125 0 6 185
12 118 160 156
51 147 2 3
14 198 179 186
183 49 39 86
37 24 13 178
4 144 188 153
140 10 0 49
30 172 87 87
20 161 194 81
58 199 124 28
19 189 124 20
23 8 133 118
123 18 14 155
51 193 111 7
50 159 190 105
4 54 191 87
155 26 12 163
4 31 108 189
182 19 1 105
5 195 43 18
198 48 27 59
82 6 184 152
153 165 139 8
95 198 193 131
87 196 162 66
78 192 182 44
197 199 26 108
151 185 17 40
62 196 182 81
168 16 86 128
178 122 4 190
149 168 54 13
48 55 16 109
196 36 45 36
196 0 34 59
154 183 84 42
75 21 175 187
137 15 189 179
183 72 6 124
6 0 69 155
2 39 115 179
162 187 59 129
129 182 29 27
199 8 60 41
157 23 9 194
2 20 188 11
14 195 186 109
196 58 34 161
4 118 196 190
170 182 68 82
67 59 193 198
176 27 175 185
120 2 41 104
18 6 71 159
15 38 163 160
195 131 22 16
197 190 156 29
9 27 9 117
195 6 149 199
45 193 168 41
185 191 90 80
181 190 71 112
43 182 173 49
187 41 20 137
4 18 168 98
44 0 141 159
57 188 162 29
47 198 156 31
181 181 13 108
190 83 18 52
135 5 73 88
67 19 178 178
171 3 22 108
185 9 87 88
7 10 122 158
29 162 10 33
168 3 53 182
126 21 7 160
190 190 129 35
182 67 90 184
27 175 176 185
184 13 10 34
181 117 19 16
144 23 95 153
22 103 156 10
190 197 10 80
46 184 119 60
41 186 45 37
114 177 182 95
23 150 199 30
182 64 2 34
197 32 77 146
68 199 13 16
5 16 125 163
11 9 40 179
60 71 187 179
4 98 142 143
39 8 149 128
6 138 172 21
22 143 148 99
165 160 60 18
42 21 117 188
18 165 40 85
154 198 187 18
23 185 98 29
97 14 17 162
168 18 3 25
165 182 5 24
169 170 154 9
61 185 132 43
6 177 137 199
194 7 4 26
71 11 165 35
151 187 30 92
178 198 116 27
174 176 48 120
192 141 66 6
52 190 159 73
31 4 175 102
191 50 69 177
15 11 176 97
199 138 26 113
181 121 64 18
192 5 173 186
170 4 96 118
173 133 21 37
151 34 21 4
113 6 59 178
9 48 153 133
171 168 80 14
171 2 128 186
186 55 15 164
32 168 56 44
8 179 121 25
129 199 28 27
156 126 187 12
143 82 6 199
31 186 102 29
45 186 108 47
118 188 83 39
71 4 44 145
142 4 153 125
46 129 188 16
160 92 12 152
18 10 118 150
170 90 46 4
75 182 23 4
55 124 192 170
11 168 6 8
26 178 166 113
43 32 160 129
199 101 15 66
80 17 102 177
165 54 9 154
149 170 76 12
131 3 52 140
72 22 181 139
102 183 3 48
194 176 1 117
181 183 64 26
51 174 181 3
177 16 166 180
199 104 20 58
187 165 83 189
34 30 184 18
190 182 15 29
7 1 53 76
185 170 35 109
130 178 176 6
0 76 120 30
11 137 173 26
178 23 25 129
52 191 18 56
174 195 93 54
2 48 128 184
159 7 54 192
52 8 176 124
46 198 16 32
183 197 80 127
69 194 181 98
192 142 26 27
67 40 148 139
153 48 83 13
195 193 124 86
123 24 33 190
49 198 196 45
54 18 32 199
147 122 48 1
39 180 149 13
70 20 18 195
69 26 158 140
1 185 194 147
143 21 40 198
135 24 18 121
16 44 173 101
58 25 114 154
19 11 164 126
168 156 5 44
155 3 30 78
198 144 183 17
74 153 164 183
30 8 3 181
19 42 118 107
186 43 13 194
119 8 72 177
171 155 23 173
24 172 142 31
107 13 185 185
188 192 176 50
189 97 79 180
163 145 19 45
181 190 190 14
12 44 143 159
18 81 63 27
171 174 30 139
175 17 37 169
191 46 88 185
18 34 108 147
178 170 61 63
60 6 42 183
58 196 160 19
8 162 109 23
23 163 174 98
181 163 98 5
196 172 60 16
14 118 185 49
27 57 120 142
20 59 87 162
94 198 107 25
49 7 103 153
73 15 122 146
5 175 110 99
47 146 189 39
65 42 50 199
177 176 27 138
37 43 49 192
114 190 57 78
195 180 171 96
14 4 169 104
13 117 159 40
192 19 32 66
140 180 173 8
132 15 91 180
68 175 10 20
157 31 33 149
34 26 106 159
34 7 147 133
198 46 121 189
11 109 169 199
31 50 193 132
159 142 14 59
24 159 116 69
43 164 9 8
36 51 185 174
71 185 151 67
185 141 51 32
26 31 129 179
43 187 144 12
186 0 125 167
26 182 196 174
194 144 40 43
178 85 50 154
3 16 150 55
153 14 46 150
186 198 63 50
14 114 124 87
172 10 75 194
107 13 22 69
192 191 138 65
185 156 53 53
147 158 18 29
44 79 162 196
12 21 124 196
6 61 161 83
9 17 22 131
187 152 72 78
63 137 192 8
189 79 27 145
191 195 194 87
44 180 26 65
39 25 134 136
172 194 54 16
19 13 179 75
12 178 76 5
174 153 48 114
2 170 159 193
168 103 27 69
76 194 197 78
193 5 83 40
119 0 77 183
139 63 33 188
183 158 10 70
198 114 90 4
183 40 114 185
0 176 148 53
26 132 152 48
155 175 28 23
192 174 57 30
124 2 83 199
175 154 72 61
147 191 147 10
67 198 26 89
168 17 19 125
170 167 62 50
153 41 26 120
55 132 178 9
195 103 38 24
65 42 135 79
60 1 129 151
125 166 37 54
182 154 35 21
181 146 31 182
50 27 170 131
154 127 2 8
184 133 2 184
142 155 1 70
19 65 173 69
180 158 43 37
47 199 90 6
145 8 89 178
34 28 168 113
22 156 161 149
31 5 165 83
112 184 71 11
128 5 73 87
164 3 57 46
24 150 80 19
196 90 15 113
71 33 44 199
139 184 12 75
197 140 39 53
194 156 43 119
182 167 121 31
192 76 73 133
156 183 100 1
45 63 198 104
195 189 112 63
8 12 185 122
166 77 33 1
197 80 120 176
178 171 72 178
172 157 124 32
149 23 123 177
18 105 123 194
21 35 133 152
165 18 33 105
191 180 43 66
9 180 138 23
144 45 13 190
162 38 138 199
139 38 112 183
194 199 87 138
198 1 134 182
50 148 196 125
198 143 69 62
53 189 171 146
184 158 128 51
21 1 42 189
197 63 149 148
176 9 96 196
194 178 47 156
176 15 33 141
172 50 19 116
47 14 65 151
126 198 55 19
7 162 113 199
199 108 57 180
191 183 14 186
130 178 72 146
126 189 49 194
197 128 84 27
2 143 97 57
103 179 35 46
130 0 164 168
153 194 35 81
8 49 103 182
182 40 17 109
12 190 131 49
66 7 175 125
170 96 28 31
192 198 23 139
24 13 79 176
11 54 183 45
188 154 45 186
106 184 32 30
199 189 56 68
177 176 144 33
162 2 8 80
32 175 191 119
39 168 147 26
144 45 74 1
39 166 180 48
164 112 17 26
144 19 29 96
11 65 58 156
194 135 140 35
73 36 181 137
173 18 34 179
176 40 33 172
193 18 58 56
150 23 130 196
187 121 14 86
169 189 26 197
196 152 62 62
22 32 140 158
14 182 60 54
177 35 124 199
96 14 125 196
182 161 38 145
29 31 190 75
195 125 9 31
174 141 159 13
89 4 124 193
64 191 161 71
199 53 74 143
134 189 32 67
162 51 51 198
37 1 144 134
124 192 196 30
24 186 113 14
60 164 109 1
0 109 162 4
23 56 183 148
136 1 175 53
5 122 132 35
199 96 69 72
184 96 194 7
168 38 61 141
185 192 22 128
3 11 119 124
17 14 173 55
190 42 26 92
81 12 127 189
45 49 132 195
117 186 20 22
133 184 186 32
103 170 131 21
38 81 175 178
113 198 88 26
19 72 162 187
41 56 106 144
188 78 88 37
113 188 29 94
34 19 108 127
7 145 152 89
22 5 116 49
174 54 20 132
137 3 158 193
54 148 149 191
100 15 182 157
9 61 26 156
11 195 38 35
22 163 166 67
178 129 56 174
182 6 23 8
155 55 11 168
37 143 186 190
184 182 46 166
8 25 143 131
135 196 12 73
131 32 29 167
73 32 166 73
70 192 143 72
19 32 171 95
100 155 184 47
49 35 171 100
10 194 162 94
33 33 147 1
27 149 154 118
148 5 102 134
157 171 165 36
6 122 71 15
4 151 152 199
12 15 136 164
150 97 122 198
58 187 181 114
163 34 188 154
5 165 159 52
172 198 154 40
154 195 71 7
101 179 183 4
20 62 186 114
86 183 21 7
7 100 119 158
184 125 39 151
21 116 128 60
1 106 143 65
194 62 185 159
127 121 13 21
79 24 142 177
11 15 47 85
0 39 147 156
14 2 129 128
21 97 192 59
184 72 30 141
1 98 141 43
128 171 181 64
133 5 178 102
177 192 64 81
22 43 148 147
22 141 126 98
150 192 8 127
21 197 93 95
133 16 64 153
191 41 57 139
16 34 188 97
31 54 182 56
189 23 58 175
74 197 44 43
4 13 152 100
30 52 156 179
11 16 170 149
4 83 136 154
179 172 118 37
16 21 154 32
192 150 163 31
8 47 170 129
84 0 187 81
141 198 117 38
47 197 167 91
79 199 98 36
154 181 144 11
33 44 187 32
187 130 162 30
103 3 154 191
184 125 150 6
197 89 32 194
48 142 177 28
193 31 199 193
190 37 133 6
90 191 117 32
51 148 20 66
107 185 134 7
41 61 174 142
13 3 156 95
7 172 189 96
40 158 28 32
98 199 170 88
134 25 181 174
21 189 137 82
77 140 160 12
78 175 180 38
141 165 12 86
160 30 27 154
22 54 174 126
12 169 78 10
183 179 131 8
196 6 160 76
135 13 11 97
149 176 86 20
27 167 151 24
9 168 79 91
120 4 13 175
148 7 71 89
35 179 160 46
42 17 116 32
68 198 17 23
10 175 7 68
4 177 129 75
4 88 190 106
19 131 179 72
72 122 164 1
37 164 186 18
198 88 6 150
27 63 47 18
186 68 76 149
194 26 50 31
143 189 189 51
110 39 97 192
198 144 106 138
109 195 14 78
197 114 104 181
140 10 68 164
165 2 31 136
19 74 167 46
2 21 186 94
51 94 130 36
85 189 114 15
172 17 104 174
188 196 96 124
164 24 132 166
151 174 45 27
85 192 147 21
42 1 26 150
40 21 171 170
149 66 9 61
71 3 164 147
182 129 42 70
90 10 135 146
124 49 4 138
110 195 115 49
54 184 36 20
17 173 189 60
171 1 21 66
164 26 87 132
183 162 14 97
2 42 107 26
193 187 110 39
18 12 130 76
56 49 192 105
36 2 33 153
36 14 3 113
34 186 193 124
174 183 188 32
138 180 59 31
158 176 21 194
186 151 71 133
54 49 26 161
54 177 92 28
16 177 126 45
182 62 94 8
132 13 8 61
199 162 196 41
148 12 25 99
21 185 191 172
74 181 131 77
151 189 38 85
176 163 56 95
24 69 119 135
40 152 145 56
150 165 44 8
2 166 76 50
38 192 11 28
82 135 174 31
191 117 90 161
143 130 70 40
2 92 164 169
110 38 148 169
190 182 110 148
32 103 192 178
187 29 43 137
151 1 157 158
32 11 98 83
167 196 14 144
4 95 192 154
83 9 7 155
148 47 72 143
150 173 160 106
147 177 115 22
197 173 50 24
156 32 156 162
160 134 91 30
5 174 112 44
66 190 127 62
165 157 23 37
62 174 157 37
53 44 138 154
195 54 61 2
137 13 44 198
192 153 87 163
7 185 112 21
126 38 29 152
35 78 185 5
123 169 25 42
20 67 102 192
57 193 170 97
91 24 199 140
34 150 142 127
43 17 91 153
150 147 174 8
28 177 145 97
41 30 104 163
38 47 20 193
185 39 100 126
164 170 171 61
185 42 42 82
190 115 126 40
76 186 127 27
56 196 73 27
159 9 77 185
194 172 192 46
40 61 166 137
159 150 53 75
94 13 54 113
12 61 118 181
162 92 15 42
130 188 26 68
47 31 124 146
128 192 14 110
122 10 98 160
193 123 88 33
93 191 131 70
108 169 13 41
2 113 143 170
53 191 161 137
12 147 141 39
52 14 173 125
56 189 144 21
38 129 135 182
45 23 180 93
191 31 145 199
195 144 28 167
36 7 122 181
198 58 47 90
57 196 151 94
30 107 182 186
50 81 171 138
152 65 187 129
66 190 193 72
119 6 186 191
26 29 174 89
40 180 94 9
191 22 47 2
23 188 147 118
131 186 128 33
162 135 48 17
27 137 168 71
188 76 34 24
190 165 72 109
35 14 156 59
61 18 9 104
97 191 143 6
147 143 3 91
49 173 127 56
131 168 18 22
163 125 37 101
24 129 113 176
97 187 194 162
103 172 28 89
101 12 84 137
176 70 26 119
178 153 82 87
37 122 131 23
47 103 198 116
107 190 64 65
129 173 198 43
91 194 29 97
7 169 2 62
167 21 86 154
63 191 122 118
22 63 91 160
130 168 93 49
74 157 129 4
143 40 196 134
98 9 188 128
26 44 180 105
58 33 138 189
62 0 197 132
77 199 107 57
30 39 78 169
192 79 53 165
84 4 50 145
43 165 2 35
180 117 69 7
148 17 98 183
20 20 193 71
99 188 177 195
184 162 64 50
143 58 13 19
198 146 67 19
54 26 167 151
177 1 79 90
111 184 192 12
34 2 151 174
95 168 161 46
38 180 81 45
5 127 118 166
16 198 106 134
63 170 56 69
15 20 120 114
118 158 11 14
34 152 177 108
195 123 0 90
114 4 34 140
153 45 64 158
101 16 180 147
20 88 199 173
7 14 145 54
169 183 44 77
35 53 174 150
162 24 99 100
184 176 101 133
175 138 74 17
64 178 66 72
20 74 132 199
186 135 58 94
173 107 61 193
171 68 27 81
53 174 49 55
178 192 156 73
52 5 94 187
137 193 84 82
53 164 143 88
8 6 130 124
35 15 144 130
97 188 132 29
130 6 9 76
172 110 8 110
157 30 95 176
162 44 54 123
29 99 159 15
75 57 184 142
147 197 100 118
191 116 90 89
35 50 147 95
198 141 58 89
33 5 77 150
22 166 154 196
97 181 191 138
172 106 53 25
22 127 170 140
121 181 77 17
31 163 176 81
58 180 115 43
30 199 129 102
173 126 100 41
142 155 194 30
4 90 125 15
53 177 144 101
64 144 189 30
145 184 62 26
32 2 40 163
75 182 186 16
31 90 169 136
151 161 16 78
168 46 15 24
75 150 170 29
40 124 123 27
100 24 80 170
170 34 94 159
101 171 197 72
93 2 28 161
194 15 100 147
80 187 145 108
33 186 100 52
161 97 68 181
11 195 163 84
43 186 34 41
186 80 22 27
162 5 127 153
74 11 10 187
176 105 57 169
25 199 7 7
197 138 56 64
149 101 47 10
58 21 164 122
80 156 187 41
191 106 52 80
196 20 175 150
4 57 199 81
160 104 55 198
36 170 184 135
167 65 46 86
14 142 79 35
190 38 142 128
164 63 79 107
169 35 49 22
134 13 32 169
100 185 88 29
181 180 59 164
132 2 157 129
153 160 40 35
94 197 152 56
24 59 112 176
7 41 174 22
28 132 191 90
23 177 146 44
87 174 136 4
84 160 134 40
194 193 121 66
143 17 74 120
84 194 65 2
173 160 37 38
26 129 188 110
20 71 193 49
180 19 132 84
169 9 192 118
23 161 147 107
24 68 72 164
76 17 188 108
146 90 38 7
187 95 37 40
140 179 13 81
22 25 96 194
96 10 48 182
198 132 91 196
178 12 117 159
30 133 87 18
196 171 22 196
186 7 52 24
76 188 115 51
29 77 162 19
173 180 18 73
95 60 172 173
163 14 70 165
56 54 109 192
42 24 174 77
67 44 14 199
4 42 180 21
189 80 21 39
91 0 172 8
171 32 1 68
72 168 56 2
68 31 28 185
22 149 145 49
137 55 38 172
43 191 164 186
10 2 97 133
88 189 62 73
4 107 57 4
31 52 9 162
143 174 50 66
149 26 64 95
181 154 142 64
168 124 38 36
160 4 195 173
138 24 29 147
69 32 172 168
29 32 168 45
69 152 7 26
178 40 45 73
87 6 65 155
125 3 81 159
0 119 136 122
44 122 152 18
3 136 18 25
157 101 8 45
82 23 125 159
187 94 20 52
153 68 34 180
190 27 64 20
77 164 48 53
19 173 196 199
171 187 61 126
28 180 46 5
193 58 87 172
116 198 137 13
168 81 9 2
61 4 30 93
8 26 2 141
130 59 194 198
6 173 22 3
115 15 30 152
46 167 119 189
38 17 59 130
158 198 160 36
90 13 161 127
29 125 188 162
89 25 88 182
133 14 16 145
101 20 158 132
60 62 154 140
25 71 103 109
145 178 53 115
5 91 77 184
7 114 63 94
108 186 181 35
17 124 80 15
19 156 99 57
194 41 155 173
3 104 43 178
1 71 78 152
163 128 6 88
124 1 33 42
199 151 11 89
3 177 135 52
93 185 150 41
69 192 85 58
36 36 27 176
15 120 113 50
153 34 118 145
46 162 143 90
192 0 128 76
80 50 65 180
155 5 58 144
136 186 16 75
30 191 193 89
168 112 39 144
12 125 27 17
52 199 149 115
20 124 137 44
4 6 39 168
172 177 46 161
14 183 39 34
151 69 42 127
189 120 75 34
159 74 62 125
108 17 11 145
147 199 34 142
174 6 150 161
193 116 84 152
70 21 35 153
123 37 110 139
1 189 186 195
38 22 7 152
195 55 23 128
81 30 180 13
152 171 84 56
61 35 101 134
70 4 0 152
195 127 47 8
58 160 144 131
45 3 121 99
9 198 117 101
16 191 33 97
36 133 145 30
112 5 127 150
48 198 57 40
12 36 130 6
190 72 85 117
190 194 88 75
185 14 194 185
184 66 139 190
169 65 37 186
169 3 26 84
184 116 81 188
174 63 56 188
1 124 165 99
97 11 141 148
24 50 128 27
198 182 85 106
187 189 78 165
113 198 81 128
144 46 93 191
184 57 56 157
80 185 167 93
69 195 92 12
91 9 171 107
29 39 177 133
37 27 47 115
85 143 199 78
195 81 79 177
5 130 181 166
158 28 65 136
173 16 56 23
52 187 38 59
122 25 87 180
151 192 141 24
31 8 129 159
192 90 96 27
182 182 101 86
193 199 102 135
77 24 10 115
181 119 29 143
182 23 155 178
92 71 180 183
0 182 44 102
189 45 68 88
96 5 38 150
132 53 23 181
12 121 74 35
22 53 76 196
18 1 137 136
161 34 78 150
157 13 164 115
179 184 15 160
78 3 136 79
196 101 6 141
65 182 162 104
198 152 29 112
93 25 21 185
88 184 51 88
5 196 26 109
74 16 114 126
46 74 145 5
176 157 16 127
144 0 62 184
132 10 59 182
51 70 175 160
19 117 140 191
16 136 164 116
180 78 67 138
192 167 152 13
149 73 37 178
136 22 26 116
127 121 179 39
180 130 25 110
180 111 43 101
91 16 61 151
78 153 197 34
182 38 50 37
97 73 1 179
167 191 159 47
100 165 190 16
15 30 128 119
42 175 197 63
0 115 34 177
18 94 119 8
156 163 61 55
25 10 88 93
12 139 176 56
10 11 79 76
42 187 185 147
30 70 168 23
85 193 134 12
19 60 126 15
122 110 5 16
169 160 132 36
139 154 27 29
141 4 45 105
40 40 166 80
20 157 12 20
160 128 198 7
144 5 60 79
158 189 132 91
169 155 98 94
3 185 112 138
166 53 97 190
124 174 170 73
175 39 86 85
33 10 171 104
36 0 140 98
1 41 143 73
19 36 140 111
53 152 158 24
18 110 185 186
157 188 13 179
63 46 8 151
185 82 103 190
151 195 182 42
56 161 192 40
198 24 86 160
197 40 128 142
144 60 25 143
171 141 78 103
128 26 14 92
142 45 43 115
30 170 11 25
86 194 152 93
7 190 112 160
19 121 124 40
20 80 57 195
46 48 122 150
51 168 7 125
184 70 45 141
155 70 18 82
182 149 79 139
3 136 11 193
148 27 36 102
185 127 95 36
167 56 74 2
144 2 16 58
38 11 126 160
167 6 148 148
72 13 110 126
11 56 117 22
158 155 28 85
183 112 44 122
104 14 123 157
147 62 21 22
169 11 76 110
65 10 139 123
7 109 194 79
179 169 76 81
168 153 55 95
8 23 19 129
182 162 57 108
110 167 113 55
189 104 3 73
183 111 37 85
185 33 11 53
186 185 58 153
182 146 48 138
155 95 17 39
190 170 32 108
93 15 75 190
0 126 91 5
25 180 179 137
178 146 9 116
78 179 161 79
174 167 55 77
17 152 117 75
30 150 144 198
198 191 89 94
23 125 104 86
175 41 13 51
181 143 49 199
77 8 166 153
197 30 147 141
149 84 13 166
8 31 123 86
179 0 190 137
30 184 45 9
8 62 133 41
71 0 124 137
45 41 158 145
49 197 61 66
132 23 19 159
75 59 118 194
3 104 92 89
188 101 72 196
187 174 184 57
10 76 99 116
161 65 64 191
7 122 142 139
91 167 154 6
80 168 13 74
1 25 61 176
188 188 41 198
0 55 146 133
193 62 111 126
175 142 73 190
107 4 113 162
76 189 117 84
10 167 168 159
5 88 172 91
168 136 64 98
84 187 78 7
20 184 170 120
162 62 1 93
182 12 90 99
79 150 11 68
102 25 47 194
186 176 157 11
120 5 31 74
146 157 99 25
168 28 54 2
139 132 43 9
5 98 118 35
130 15 113 160
122 36 4 189
146 154 34 127
167 38 56 121
110 199 44 41
131 45 5 163
4 168 68 117
178 3 137 72
181 4 113 130
160 65 17 158
160 91 31 165
34 143 84 11
158 194 167 25
97 199 32 33
65 156 32 73
180 172 152 83
16 28 115 44
120 13 15 78
181 69 58 187
32 188 113 61
96 39 145 169
197 117 122 14
92 181 131 56
71 176 38 46
144 8 46 127
87 22 25 62
93 178 71 3
61 101 36 188
15 128 125 51
29 124 131 60
116 21 9 160
120 128 12 181
27 93 127 8
145 27 171 197
26 193 145 113
177 0 18 126
192 29 57 89
51 166 104 34
24 5 126 151
184 36 128 191
199 22 150 180
80 76 25 199
4 48 125 121
116 184 20 55
37 98 115 8
79 138 174 186
157 91 27 14
65 199 175 78
194 51 41 17
104 185 51 1
160 175 68 45
31 138 153 168
41 7 12 182
88 134 182 9
59 2 142 101
157 134 112 35
15 61 117 144
199 45 0 98
197 59 42 107
31 94 91 38
65 47 18 127
64 148 150 73
21 51 139 117
61 79 186 98
45 18 34 162
10 169 3 15
8 95 122 42
18 15 18 137
12 177 94 47
16 53 80 192
177 110 14 107
60 192 45 39
183 139 31 129
135 110 75 15
105 163 26 100
174 141 69 117
152 2 119 159
38 178 130 50
36 48 165 70
14 11 43 140
128 38 42 191
28 134 188 43
197 188 86 86
159 173 124 35
44 170 167 148
80 196 161 54
168 99 8 129
21 55 123 10
64 165 160 22
1 24 18 143
175 38 88 161
31 106 148 145
70 185 84 33
145 79 20 1
195 27 121 79
119 199 199 65
37 163 105 11
141 120 30 42
192 145 194 6
155 19 10 71
60 130 142 27
12 45 107 59
33 15 53 151
119 10 157 122
185 82 65 69
22 57 142 112
32 89 97 149
190 188 88 87
74 7 139 79
0 6 31 167
175 156 123 13
36 115 186 35
179 145 190 28
8 159 137 107
180 46 82 192
3 20 97 45
182 135 15 103
185 165 143 27
134 4 56 59
154 51 82 145
187 46 61 135
125 198 4 112
60 48 31 92
47 15 194 125
145 96 83 193
183 118 76 65
47 21 137 139
91 166 131 5
76 175 193 141
189 83 41 179
176 188 65 181
195 85 23 61
38 193 162 146
53 33 32 181
180 94 1 102
108 77 4 170
120 177 126 16
167 14 13 59
199 169 41 132
19 58 133 143
147 146 124 13
193 148 79 118
133 179 28 100
161 2 87 166
19 96 197 157
186 150 87 80
129 79 12 183
193 84 23 23
24 40 150 93
115 168 23 33
140 40 31 86
36 9 146 33
198 25 87 51
55 149 127 53
46 9 198 75
120 116 177 19
115 46 51 138
36 153 168 29
102 24 182 111
21 54 61 153
2 94 96 46
41 48 143 133
143 147 93 10
118 60 101 195
81 15 193 45
29 199 15 100
119 177 98 17
174 4 17 99
62 168 179 89
190 36 61 83
148 197 102 78
15 40 182 98
3 187 71 97
143 118 153 4
145 61 145 198
198 103 58 84
28 109 128 114
134 140 48 43
189 162 160 66
194 101 109 43
46 11 132 63
198 129 13 84
38 10 53 138
161 15 85 79
110 132 155 26
60 170 48 42
59 2 21 177
27 22 76 167
74 195 28 155
85 187 51 60
68 2 107 70
29 8 140 18
40 189 120 115
37 33 192 83
54 32 134 106
190 133 69 135
75 49 140 164
52 21 118 119
143 66 59 140
49 184 154 110
31 51 134 115
103 171 190 94
77 14 164 73
86 24 7 89
31 180 49 9
164 195 159 49
5 180 70 83
19 67 1 196
27 134 182 158
106 22 79 188
175 191 165 73
107 188 162 63
77 196 127 48
151 20 8 67
107 178 174 101
185 83 74 133
8 160 77 75
194 83 44 18
118 156 49 52
146 67 48 5
135 78 57 41
129 193 112 79
35 3 6 134
64 185 62 38
130 186 174 114
176 181 92 129
83 4 99 94
172 5 63 59
71 13 19 166
66 3 106 155
30 177 55 44
89 15 159 78
72 151 45 74
197 161 109 131
39 123 164 57
56 7 189 24
158 190 161 22
70 71 151 25
88 190 99 50
33 11 63 158
147 37 43 133
36 116 110 25
89 189 124 24
153 62 90 87
41 35 177 10
60 55 141 155
89 187 55 66
63 198 8 115
54 173 101 49
143 192 100 71
143 70 45 10
101 181 184 49
72 138 168 189
185 40 76 10
29 91 81 197
196 183 171 91
14 19 128 17
199 163 56 60
44 161 86 66
150 158 121 13
14 182 156 56
137 190 5 27
105 167 49 50
66 180 158 100
143 98 26 15
169 39 57 70
60 9 140 148
20 110 105 176
9 52 61 183
18 151 88 34
187 97 34 42
60 61 116 160
45 177 109 64
8 107 129 195
34 184 102 11
181 55 140 185
139 158 55 22
52 162 126 84
19 182 136 84
178 50 149 144
168 130 3 68
172 44 3 85
34 167 8 29
18 49 67 186
72 8 100 153
164 62 152 169
162 131 36 143
79 198 182 123
125 113 50 10
195 151 42 159
175 180 63 152
49 100 122 194
7 56 166 89
57 199 147 96
3 153 1 47
54 173 175 130
76 43 163 25
116 192 94 19
77 139 165 50
62 152 58 1
155 7 144 180
63 162 128 21
42 87 198 30
20 198 90 69
31 124 144 60
85 174 84 9
184 37 175 162
199 83 26 69
184 25 31 46
142 72 40 14
132 55 13 128
63 87 180 4
68 34 9 185
141 192 66 154
183 136 33 125
7 140 130 122
10 54 161 76
23 25 181 63
41 149 160 69
10 188 8 39
188 104 28 171
13 163 105 77
169 29 35 82
183 38 79 73
25 189 67 55
166 187 62 181
117 115 27 175
160 184 173 14
152 122 7 42
25 40 68 178
34 158 99 41
111 0 177 85
22 165 114 84
192 187 53 102
196 147 99 80
0 19 69 68
83 177 12 32
78 35 193 83
134 47 2 110
79 192 190 81
110 177 163 85
30 195 133 168
40 129 14 24
186 88 62 1
116 91 28 174
118 153 46 50
75 153 96 1
40 168 109 47
8 81 169 147
154 176 51 122
52 177 32 43
183 144 107 155
126 173 110 31
114 56 150 178
122 123 69 69
113 192 109 93
10 5 93 92
185 91 27 102
174 96 75 29
189 62 63 112
174 189 36 168
52 59 142 160
7 83 180 144
7 170 146 194
165 130 17 117
124 4 56 193
149 183 86 80
37 51 183 34
48 178 112 38
60 161 171 54
4 115 14 28
33 72 136 40
177 150 76 6
43 150 180 129
57 33 21 146
54 91 136 175
179 193 88 196
11 44 164 78
88 66 155 156
13 117 6 9
190 121 37 59
90 185 43 90
154 70 91 142
135 92 62 5
8 54 136 16
184 34 55 73
171 132 77 64
0 82 98 141
70 1 34 181
64 30 81 180
171 18 109 70
5 167 137 122
38 42 137 147
148 158 64 40
100 13 17 136
196 39 40 33
65 17 141 71
58 72 114 198
151 114 56 27
8 97 71 173
103 6 51 82
32 50 153 71
104 2 53 135
190 196 107 153
174 79 24 47
23 190 159 106
60 3 62 138
131 196 134 77
47 148 23 69
172 67 32 48
182 193 155 51
81 36 183 108
139 181 88 41
35 85 116 191
89 123 181 185
80 109 21 129
69 24 88 110
39 195 52 65
130 68 9 131
189 44 43 108
120 86 79 182
23 70 169 140
183 78 39 68
23 147 172 132
95 147 163 39
68 40 166 72
114 162 147 6
8 4 51 68
7 191 80 120
161 14 89 24
194 37 103 115
181 154 95 193
129 76 46 188
174 145 1 26
53 8 118 143
34 159 102 61
162 189 83 45
179 183 104 109
36 142 167 180
22 4 189 68
181 180 41 150
113 140 165 38
16 172 62 12
97 42 19 120
37 147 192 145
18 162 124 171
127 14 188 131
188 185 89 134
153 170 147 3
172 146 43 147
195 186 25 130
176 23 10 82
196 34 126 143
145 2 94 94
143 116 6 130
179 195 168 44
121 188 13 197
131 186 33 166
180 197 7 61
174 123 49 35
19 109 98 195
167 34 62 132
43 175 99 9
194 159 40 140
9 186 127 124
132 169 50 80
141 154 112 13
23 133 144 72
167 86 93 168
149 105 26 164
176 71 149 6
160 5 196 131
36 173 84 28
93 21 80 144
26 130 86 30
149 84 75 87
9 174 71 74
15 131 142 25
135 120 3 182
9 189 54 73
9 183 146 156
108 55 29 141
16 12 116 140
3 31 74 105
149 38 142 188
9 56 89 62
29 176 131 146
184 87 59 157
195 8 86 56
30 168 83 131
183 139 116 95
156 91 185 10
13 35 155 88
73 172 3 82
82 70 184 6
105 146 7 178
39 129 167 26
189 2 59 90
147 18 20 86
137 144 89 10
159 111 58 64
0 17 60 141
158 80 38 159
19 157 127 96
131 147 52 42
52 1 16 84
166 102 106 35
8 33 153 59
104 164 82 79
38 96 149 1
69 9 74 134
7 36 132 101
152 126 15 26
102 147 86 51
159 195 42 163
162 48 101 156
156 195 136 77
182 62 158 130
105 12 61 154
72 19 105 155
173 195 196 68
88 7 39 120
144 13 198 95
150 141 20 150
116 138 9 33
97 24 181 83
195 70 23 76
22 96 190 144
98 169 151 56
108 144 198 62
63 138 94 29
186 159 89 132
118 45 78 8
7 45 131 113
27 153 92 52
156 169 40 144
108 59 101 188
57 90 196 65
58 178 99 34
185 14 135 116
23 97 136 80
116 128 51 67
179 164 106 76
64 54 185 58
60 122 183 84
178 65 1 16
28 153 103 66
5 81 89 197
9 170 172 174
14 33 108 84
151 52 90 167
31 149 193 100
169 28 182 163
153 17 16 11
75 52 86 179
111 21 141 120
190 58 93 156
185 60 61 85
31 9 142 106
116 177 166 71
198 68 88 115
192 21 136 133
162 131 139 198
199 136 70 62
155 192 154 58
103 168 30 112
111 32 59 88
118 139 51 15
51 93 158 10
183 120 66 122
187 133 69 182
39 9 163 18
0 38 105 58
52 19 158 101
84 139 12 76
99 191 185 96
175 166 72 189
133 144 67 29
7 90 154 72
159 98 58 8
130 119 21 33
20 165 121 106
82 125 197 155
155 195 151 26
54 163 28 50
119 150 36 8
24 104 137 20
149 145 8 118
63 174 186 150
82 189 181 177
45 118 165 171
147 79 9 119
177 101 99 155
93 107 199 17
4 45 106 75
183 62 44 132
155 21 70 111
36 15 84 103
54 28 181 72
0 65 134 69
166 178 154 64
18 155 38 8
53 161 122 55
182 104 62 17
68 157 178 22
50 92 158 50
120 181 193 66
183 119 57 114
44 173 123 57
13 142 63 61
149 167 72 101
174 158 146 0
35 6 51 147
138 39 86 143
187 147 66 83
33 164 120 78
143 172 35 116
119 140 46 190
171 5 155 183
172 50 12 1
187 154 159 64
94 163 105 39
129 69 62 155
54 10 100 116
97 8 112 146
85 42 25 155
99 48 124 179
171 7 105 130
35 57 78 162
173 141 46 129
53 46 131 119
115 6 24 52
43 149 131 192
0 127 113 119
28 71 54 114
11 143 123 100
17 167 56 83
69 42 111 165
64 113 163 177
181 17 108 124
164 104 98 59
73 43 184 80
170 110 104 35
148 113 23 199
135 73 25 147
64 34 187 13
61 101 189 177
57 191 128 94
157 155 66 54
24 193 124 102
32 134 61 6
164 193 91 97
180 151 164 13
143 1 46 111
0 10 135 41
1 35 136 35
128 31 27 75
88 59 162 147
167 104 86 38
199 106 72 83
125 78 185 0
38 174 49 18
176 90 97 156
71 27 82 150
194 160 137 7
94 185 128 96
183 26 168 136
125 49 6 59
56 161 81 87
66 184 165 84
103 75 155 30
23 105 110 56
75 9 104 138
46 18 14 164
58 81 117 153
48 50 67 157
15 79 36 153
75 26 103 108
52 20 102 99
117 163 19 185
178 19 107 102
1 172 69 52
64 126 89 5
17 75 69 143
115 68 8 32
186 164 122 107
29 136 130 125
181 100 80 162
194 33 57 125
32 148 173 192
22 111 59 21
84 139 142 84
178 46 129 185
71 26 89 138
63 87 174 115
121 47 82 196
44 183 106 36
65 121 148 172
85 175 169 150
195 121 19 143
189 102 82 66
149 48 91 157
189 19 174 117
14 145 170 23
14 108 157 106
9 165 31 29
28 192 193 149
168 196 160 47
123 35 29 28
29 127 146 154
40 25 187 110
143 20 49 76
128 14 170 150
74 170 143 60
173 118 38 119
101 64 199 151
18 97 192 94
196 159 52 176
173 139 94 176
161 156 121 26
153 136 8 40
69 147 75 64
190 157 84 114
57 12 25 148
37 63 111 178
78 15 130 110
133 184 20 53
190 6 175 122
142 167 49 159
21 48 129 94
24 19 54 153
169 38 92 43
75 5 151 97
174 70 28 73
78 61 129 124
40 186 107 85
36 58 131 172
134 95 61 24
14 46 195 63
24 141 170 77
8 88 51 185
56 161 108 178
127 158 55 120
108 63 42 151
60 194 131 137
80 34 170 113
137 178 156 127
118 45 37 92
77 175 131 187
56 198 145 161
192 103 54 104
48 28 131 57
47 154 143 106
1 61 87 187
20 44 100 133
168 128 14 126
60 171 71 43
17 0 156 53
3 81 114 8
11 122 21 15
88 133 104 1
52 168 163 116
22 168 118 100
39 11 194 88
116 149 187 55
20 6 77 186
12 126 160 177
49 109 136 184
160 64 135 188
188 80 74 14
174 128 91 84
159 199 54 133
172 125 42 187
120 82 52 198
31 155 191 174
188 83 59 73
53 176 148 118
17 74 153 77
17 118 117 11
75 127 196 105
38 179 94 102
0 84 92 59
119 195 96 82
179 31 39 29
90 13 11 49
44 44 21 178
24 89 108 150
181 51 69 104
42 10 143 35
144 192 190 111
139 114 0 116
148 143 118 36
133 66 83 139
150 159 193 73
135 141 187 108
62 46 42 190
136 50 72 130
121 5 93 128
13 112 143 105
180 59 129 189
111 49 51 127
56 56 111 169
152 105 32 72
111 36 69 195
173 166 65 108
163 179 137 130
180 83 36 68
160 44 8 14
157 116 99 18
84 132 199 67
54 164 78 46
36 113 156 182
196 109 176 60
181 74 44 139
74 47 129 150
87 9 181 128
49 40 46 181
108 25 61 121
182 121 89 140
49 116 177 142
81 38 182 137
10 129 88 83
10 17 54 167
44 162 124 70
75 123 183 60
190 42 169 159
11 18 142 104
110 18 164 170
22 105 108 16
112 99 55 31
137 109 199 41
170 49 88 166
7 189 55 91
97 147 174 151
44 185 49 12
134 175 2 133
83 72 151 47
137 123 29 162
11 26 69 77
176 142 56 126
126 122 6 105
47 171 19 17
59 29 89 117
58 22 144 14
111 153 186 52
139 177 120 79
27 162 139 132
0 117 132 139
30 187 107 143
173 99 162 188
146 148 51 57
70 169 182 65
175 144 185 9
168 117 78 181
92 64 42 140
71 179 77 47
27 182 43 80
68 60 71 166
101 161 171 20
86 22 195 6
168 2 98 136
162 39 105 181
54 149 134 75
56 141 199 171
166 198 155 130
199 24 89 115
95 192 185 118
74 168 43 53
160 1 17 13
146 9 174 166
147 100 14 63
112 18 21 158
136 49 13 88
71 188 111 118
161 16 86 116
58 158 138 144
65 125 147 24
120 19 19 94
10 165 114 98
70 20 90 133
0 40 85 117
194 165 61 105
57 162 86 76
120 39 5 76
146 18 129 160
199 157 80 43
10 163 118 123
158 34 117 126
96 33 57 196
177 56 61 131
151 167 167 38
87 42 108 166
59 123 140 25
151 2 14 53
96 55 163 197
29 134 118 50
76 161 43 99
176 110 133 56
125 160 186 62
185 53 78 172
22 162 131 104
48 147 173 164
61 150 165 115
134 188 107 51
70 23 119 104
199 57 105 18
57 141 119 53
181 32 171 160
188 99 80 44
91 55 198 72
80 5 179 73
99 20 102 160
37 159 135 189
55 92 125 35
2 182 94 169
2 112 65 30
180 149 67 172
75 18 177 1
169 31 156 168
73 129 120 66
165 189 62 182
154 182 110 101
68 169 178 136
83 21 176 158
29 157 132 102
77 18 87 116
92 164 187 92
189 1 95 35
187 114 24 194
164 47 48 80
91 4 74 117
16 142 123 186
66 130 129 52
183 165 92 87
20 45 85 7
39 94 18 5
147 140 115 33
119 179 171 79
188 190 67 100
85 174 127 57
193 87 137 23
174 194 187 88
50 54 39 196
0 44 82 114
77 137 71 63
0 75 194 68
87 156 142 5
30 82 13 162
35 67 165 76
191 35 104 114
152 69 3 61
0 55 95 21
136 139 46 64
29 64 165 96
154 119 102 189
17 114 87 178
5 104 135 114
26 178 47 42
165 81 70 155
198 82 80 11
106 179 168 106
121 101 37 196
48 146 16 5
187 107 89 97
152 75 39 48
31 146 167 106
22 154 24 81
92 161 122 27
173 94 75 71
171 0 75 73
1 28 71 149
36 67 40 199
177 140 80 174
172 97 57 148
72 165 105 41
52 88 7 128
77 20 19 112
167 125 79 7
139 80 130 187
88 38 193 127
40 161 4 59
153 1 49 17
189 159 101 120
66 165 168 194
153 194 175 92
130 41 57 27
8 152 182 100
112 19 139 88
124 80 137 198
24 120 166 111
94 142 52 62
196 88 102 98
13 143 135 129
106 187 52 58
159 112 17 134
117 165 24 62
176 63 41 19
198 164 44 109
171 115 85 90
18 96 92 30
179 36 6 17
75 0 187 66
195 75 103 164
51 144 144 75
18 65 189 118
17 33 69 157
124 105 149 14
185 197 57 155
180 100 100 185
108 32 147 106
126 176 191 66
82 57 126 136
133 19 48 59
27 0 194 149
30 3 12 123
150 13 77 53
179 56 21 192
102 110 130 184
129 158 51 123
179 168 15 119
112 179 0 195
105 120 4 96
39 95 128 13
139 142 12 58
164 188 84 97
18 172 58 26
40 0 173 2
169 6 66 37
58 96 99 0
162 11 104 92
91 151 188 165
104 52 152 115
161 111 34 155
144 49 85 178
81 16 125 3
173 72 55 2
198 101 91 52
169 105 100 56
92 145 73 41
70 108 14 50
39 177 55 100
161 100 100 141
175 93 86 57
22 56 0 173
182 166 84 157
28 195 116 120
196 76 99 118
114 131 12 147
124 129 55 70
23 107 167 39
101 130 121 32
46 113 187 135
136 114 185 17
40 3 114 31
118 158 29 47
70 58 26 127
53 39 89 130
179 148 58 59
9 34 103 118
99 12 67 122
172 2 132 87
115 30 161 153
163 121 104 195
114 177 66 82
24 67 117 120
44 174 28 39
42 58 128 6
133 189 78 85
52 48 98 144
123 166 104 59
101 149 190 113
117 141 162 5
25 121 137 170
135 73 149 158
32 186 148 186
163 186 12 165
74 185 135 104
40 188 33 65
166 28 111 115
97 5 86 159
139 136 36 91
99 67 28 108
178 145 112 83
120 98 49 19
126 155 36 193
16 94 112 88
146 57 188 163
140 167 80 107
86 167 15 82
160 23 65 82
40 67 129 96
3 194 143 132
150 4 23 24
141 172 2 105
78 44 130 165
110 52 6 44
36 110 6 36
190 87 141 192
85 40 159 23
112 152 123 35
114 173 196 62
153 116 72 86
97 58 100 198
131 13 189 93
58 129 100 18
80 98 135 2
125 53 32 120
73 38 146 129
197 21 186 155
101 47 136 128
78 194 22 141
171 94 106 192
69 128 167 36
165 102 40 133
91 60 54 190
174 73 138 156
140 193 91 118
97 48 185 97
82 147 127 29
7 199 75 136
186 162 108 92
107 97 38 4
94 140 17 110
65 149 41 4
193 12 167 120
160 159 75 131
25 92 172 51
123 69 114 183
27 198 2 97
142 166 2 179
132 50 165 193
150 102 50 41
150 10 55 85
53 183 29 45
133 14 22 22
39 138 141 146
115 62 140 189
35 63 119 121
158 70 84 119
112 64 27 2
141 111 60 178
82 46 148 117
102 20 101 126
121 40 38 137
160 188 193 68
111 61 187 146
102 113 187 34
68 165 173 126
63 8 157 38
145 92 44 126
35 5 89 128
138 119 121 9
54 86 166 93
18 160 106 165
50 101 92 156
130 147 43 106
185 170 170 64
117 4 20 44
130 26 86 94
182 195 176 18
157 22 101 103
28 109 74 186
22 71 117 30
167 165 151 64
167 160 161 62
18 14 23 119
136 94 108 193
20 162 120 71
63 163 43 35
179 32 113 134
192 52 156 153
36 65 67 191
23 27 52 135
183 154 11 147
85 46 136 125
0 43 138 62
168 169 8 176
193 30 74 43
101 7 82 99
74 115 109 52
59 172 90 58
149 176 53 132
23 162 82 102
168 198 104 103
161 145 74 103
98 114 199 196
140 59 8 92
74 31 70 119
178 37 109 77
49 138 129 63
58 96 28 57
170 183 152 94
118 93 54 145
6 195 99 138
158 67 111 89
2 80 104 96
115 145 129 20
37 151 191 130
188 62 3 49
87 148 103 59
32 150 164 101
130 113 19 96
42 3 97 54
71 161 197 158
136 129 182 34
34 53 60 134
120 63 79 47
45 152 128 85
142 34 184 151
23 108 164 62
83 104 126 4
69 8 12 121
53 110 179 187
91 18 195 60
82 170 72 76
20 91 51 8
58 140 122 40
2 13 81 146
66 156 103 89
87 61 142 172
68 150 148 62
185 79 55 1
148 70 74 62
153 150 80 67
67 129 122 189
96 4 101 123
131 121 63 75
135 192 69 95
8 83 66 166
5 161 90 11
149 35 129 162
100 159 114 58
198 19 86 53
110 1 68 109
107 1 101 76
157 155 100 117
54 47 179 49
170 147 119 66
68 160 4 110
135 3 69 66
52 104 84 196
106 98 158 188
184 24 110 114
43 165 97 66
194 10 79 125
37 173 131 31
40 49 115 166
171 50 153 145
115 60 192 122
36 12 27 96
25 153 177 173
121 111 23 89
131 183 84 127
32 54 157 79
63 63 138 91
28 97 196 70
83 156 142 108
122 145 36 54
175 127 123 71
176 53 127 100
118 178 46 69
172 79 43 64
189 174 100 95
19 176 74 135
23 73 131 135
80 131 151 36
188 123 192 13
90 18 33 165
180 153 146 36
18 60 81 152
23 145 115 150
94 81 17 19
28 96 80 164
34 96 152 136
126 127 124 5
130 189 180 125
18 76 125 26
195 59 110 159
176 151 92 35
2 136 80 185
163 67 190 177
40 12 82 129
144 150 53 98
143 66 68 43
158 6 35 160
90 159 106 95
134 1 196 66
139 114 61 107
92 110 132 24
58 6 51 150
176 125 99 142
171 76 102 110
105 64 56 48
105 48 147 89
145 186 61 114
69 107 61 17
35 86 128 49
112 93 197 162
9 107 131 115
57 17 105 67
47 4 134 64
128 130 70 142
90 50 118 92
111 42 139 143
163 4 148 105
98 157 86 65
97 107 47 128
32 80 99 148
183 125 74 138
27 109 116 65
175 170 25 149
120 34 102 169
107 186 72 84
119 110 169 183
100 121 27 155
182 191 78 146
83 100 171 103
97 32 69 125
156 11 198 63
174 181 61 139
120 156 35 106
24 39 102 85
46 8 85 74
97 185 113 69
108 118 166 51
49 174 4 78
127 129 103 25
119 100 25 183
33 95 112 40
56 186 112 96
189 65 84 86
160 62 130 115
126 48 10 14
100 120 40 28
189 148 89 170
29 32 107 96
103 54 193 183
54 19 38 189
27 15 178 42
192 149 93 182
82 171 140 60
160 13 150 116
31 125 95 56
94 1 110 97
179 156 58 137
174 46 83 127
159 95 51 140
110 16 143 45
5 38 135 3
35 114 134 62
126 129 123 191
5 30 15 154
49 93 55 167
24 107 167 75
118 120 40 142
171 35 55 7
140 103 183 164
107 45 187 93
165 153 88 159
107 35 17 59
48 178 100 123
11 194 40 95
74 59 191 15
154 95 103 28
10 63 111 57
84 142 5 135
153 0 121 115
146 18 68 101
136 181 123 92
140 91 127 195
170 38 60 11
99 23 192 89
161 156 107 33
37 64 141 39
152 137 186 6
87 39 144 147
145 127 43 59
65 138 1 103
128 162 66 88
100 8 38 67
133 8 67 86
49 41 130 30
184 169 11 170
82 107 28 68
118 184 59 118
1 190 95 178
79 71 24 198
132 100 76 192
52 32 40 86
18 34 170 15
98 34 159 130
174 48 198 140
64 77 124 130
125 65 188 20
111 66 16 76
96 91 52 182
135 149 187 132
40 64 83 168
81 48 49 175
74 66 172 94
176 115 119 37
143 42 95 112
77 128 6 70
146 50 199 114
30 132 72 16
133 44 184 44
140 177 78 128
70 91 166 21
63 70 158 85
178 154 13 72
75 134 143 172
146 127 31 124
134 83 172 194
123 148 50 99
174 111 64 100
72 12 174 119
44 60 95 123
96 145 179 110
196 14 188 141
131 140 64 86
135 48 189 109
197 107 29 119
102 62 152 104
96 184 189 113
20 62 124 143
45 152 26 49
12 134 129 138
179 94 90 110
60 105 185 127
40 107 110 79
25 120 95 79
25 43 66 100
45 195 136 137
183 97 119 101
154 187 101 116
22 152 102 184
176 163 62 55
160 101 197 6
98 77 176 8
56 164 79 23
7 76 123 96
12 22 35 113
2 125 59 194
161 129 13 139
124 176 183 93
7 105 86 67
118 173 107 28
182 114 141 20
22 181 48 77
73 173 28 118
146 161 164 83
103 49 15 127
2 12 47 98
28 107 80 46
167 71 148 129
53 78 126 21
198 12 115 135
96 164 181 102
178 99 155 190
196 18 169 93
61 171 149 143
74 193 23 142
68 69 159 31
184 88 35 124
48 144 35 55
39 7 78 99
27 199 1 129
154 98 112 65
90 79 129 47
131 38 103 138
144 127 31 93
6 113 81 112
135 184 178 121
36 21 80 85
135 187 138 73
51 4 85 63
136 190 24 140
97 143 68 61
94 189 148 103
37 121 88 65
99 163 55 126
131 2 12 34
97 34 85 139
177 129 130 166
94 109 106 29
61 76 0 145
33 63 171 55
67 147 41 74
110 105 164 61
161 156 108 163
168 14 190 146
29 103 182 101
169 82 3 115
13 113 57 17
59 57 85 144
156 141 67 112
9 42 21 126
132 187 187 115
121 139 186 173
85 168 46 104
31 161 137 187
88 174 54 102
84 147 22 23
142 132 188 67
83 63 101 174
110 111 20 46
33 147 96 130
61 77 140 17
77 110 128 129
100 85 104 180
198 173 56 199
163 104 75 97
104 116 5 28
24 157 35 66
66 79 74 18
192 141 107 41
191 46 158 115
120 151 95 85
138 146 26 167
8 99 127 30
46 72 147 14
91 59 83 144
151 69 82 173
33 22 75 195
46 25 142 38
190 119 81 46
38 143 7 39
93 106 136 193
148 114 55 80
16 135 100 169
92 88 21 102
3 124 65 111
128 41 83 109
139 184 120 19
188 115 174 54
68 98 50 53
66 90 158 38
14 33 71 142
123 2 68 77
104 106 46 44
113 41 34 91
178 67 90 39
121 130 54 64
82 27 22 26
129 115 29 82
153 89 184 139
60 24 23 71
34 47 34 130
43 70 30 194
51 173 107 105
133 114 78 136
126 132 57 99
115 155 156 69
79 93 30 167
92 79 101 166
174 47 118 93
146 109 57 122
127 145 82 85
142 37 173 81
125 113 18 89
150 71 74 123
73 73 119 119
139 98 165 196
88 141 177 168
151 171 146 54
51 85 84 187
89 29 30 173
177 81 163 183
107 73 82 11
167 55 77 35
181 41 120 83
85 34 60 168
159 53 54 22
119 169 53 120
20 69 123 58
199 83 46 38
184 94 150 25
122 38 116 150
81 135 94 58
176 52 178 184
120 164 123 73
89 153 3 188
80 20 35 89
93 166 174 104
93 157 120 65
82 72 44 137
90 78 31 160
101 56 8 56
63 73 158 116
103 150 115 60
63 93 17 199
103 128 143 43
173 179 98 145
193 168 87 92
87 176 175 128
146 125 44 112
89 86 155 95
98 53 0 99
94 104 59 187
56 103 180 128
50 46 117 12
50 70 88 112
108 152 157 109
192 86 57 136
62 7 148 29
53 101 122 174
13 151 89 135
126 69 84 161
141 179 20 182
76 114 190 60
93 85 9 78
148 154 60 84
136 44 51 9
188 85 180 180
44 45 192 100
35 97 132 51
9 172 64 124
89 90 145 139
99 73 78 163
131 35 45 24
173 91 88 67
63 157 122 133
63 102 19 56
140 20 187 94
92 111 121 56
38 148 58 53
142 93 192 134
108 116 33 115
96 13 16 20
62 87 51 186
141 133 8 62
55 107 31 181
150 37 67 66
80 103 148 125
163 134 126 199
159 90 82 49
132 132 168 57
180 192 143 62
75 178 21 116
104 81 107 189
177 54 147 147
156 141 106 191
162 58 93 20
127 186 194 150
45 69 153 87
89 124 132 133
76 106 130 28
107 156 175 134
37 43 65 139
152 82 115 136
131 14 98 69
60 87 175 75
16 102 8 16
144 155 195 108
4 111 83 150
84 51 176 30
125 12 140 81
38 76 49 0
169 118 107 98
64 87 49 42
95 119 48 7
147 41 69 154
4 156 88 151
72 104 130 92
108 85 16 62
20 50 90 10
136 119 89 21
116 176 180 165
67 197 162 148
173 83 123 43
154 26 114 151
154 107 67 31
158 16 116 52
76 92 106 177
100 82 156 38
143 95 162 192
136 169 87 194
114 138 133 60
121 163 18 197
51 163 179 158
101 80 168 100
109 110 46 152
122 142 41 192
136 92 154 192
65 126 9 98
69 158 12 192
150 138 79 145
95 19 32 191
109 80 129 146
37 57 52 123
68 170 160 168
110 130 109 9
133 139 103 17
66 65 109 126
165 6 84 48
77 79 7 123
198 181 114 160
140 67 163 184
78 155 144 169
127 10 58 147
70 101 2 77
173 134 70 178
73 37 63 129
170 107 184 184
197 26 150 91
102 64 61 9
178 108 177 53
154 74 88 19
183 72 53 43
145 85 114 26
106 11 88 51
124 173 133 67
64 118 11 61
64 183 5 79
4 1 111 14
164 119 87 128
123 83 190 119
95 24 152 44
56 93 16 182
58 67 72 24
42 104 14 65
17 106 69 34
36 9 36 99
70 133 30 90
60 115 99 176
95 188 155 170
126 119 172 170
103 143 10 141
26 115 23 56
81 109 29 186
78 97 163 142
75 44 99 97
168 115 60 85
127 105 111 189
139 59 78 96
70 69 189 42
91 46 19 49
118 134 191 149
118 112 98 72
71 87 116 5
149 137 83 122
152 142 99 194
18 10 98 79
166 11 177 87
80 112 103 81
165 80 141 133
97 113 34 76
72 135 19 164
63 42 53 175
107 4 128 77
133 164 41 164
80 31 119 56
54 88 122 74
45 48 60 0
121 93 45 155
129 137 36 171
16 18 45 67
68 73 34 19
113 95 25 140
176 91 165 27
69 45 37 82
116 11 172 77
166 62 103 27
84 38 138 18
54 85 46 137
38 73 75 162
143 68 75 55
54 19 157 80
153 28 21 172
107 128 80 156
171 111 178 11
24 109 48 168
136 93 148 9
156 104 161 174
95 108 119 20
125 81 151 134
102 109 162 139
82 69 65 9
103 179 53 83
177 124 105 86
188 76 79 81
86 148 31 168
66 63 17 41
82 67 90 134
116 116 68 91
157 189 98 185
72 41 107 15
48 109 17 166
